0 0.459375 0.4859375 0.0546875 0.06875
0 0.4375 0.515625 0.0421875 0.0609375
0 0.3984375 0.5203125 0.0703125 0.0671875
0 0.528125 0.4890625 0.0328125 0.0234375
0 0.484375 0.528125 0.0015625 0.0015625
0 0.846875 0.1359375 0.04375 0.0296875
0 0.9046875 0.134375 0.071875 0.065625
0 0.8453125 0.171875 0.065625 0.0625
0 0.271875 0.075 0.01875 0.0140625
0 0.85625 0.6125 0.0609375 0.05625
0 0.7015625 0.5 0.01875 0.0140625
0 0.10625 0.3640625 0.1359375 0.0984375
0 0.1046875 0.253125 0.1671875 0.1703125
0 0.24375 0.35 0.1484375 0.1546875