0 0.6828125 0.4671875 0.0375 0.0359375
0 0.7421875 0.4640625 0.046875 0.034375
0 0.7171875 0.4875 0.04375 0.04375
0 0.7 0.4421875 0.0453125 0.0453125
0 0.75 0.4390625 0.0484375 0.0453125
0 0.5046875 0.1453125 0.05 0.053125
0 0.4625 0.1734375 0.046875 0.0515625
0 0.4984375 0.2 0.0453125 0.05
0 0.253125 0.340625 0.0265625 0.028125
0 0.2296875 0.325 0.0296875 0.028125
0 0.0 0.55625 0.0015625 0.0171875
0 0.353125 0.496875 0.034375 0.0359375
0 0.028125 0.2984375 0.0390625 0.034375
0 0.884375 0.50625 0.01875 0.0140625
0 0.8640625 0.5171875 0.0203125 0.0171875
0 0.840625 0.534375 0.0234375 0.0171875
0 0.8453125 0.5140625 0.025 0.021875
0 0.8640625 0.49375 0.01875 0.0234375
0 0.2140625 0.5421875 0.028125 0.0109375
0 0.1859375 0.5296875 0.028125 0.025
0 0.33125 0.409375 0.0265625 0.009375
0 0.2875 0.3984375 0.00625 0.01875
0 0.05 0.6265625 0.028125 0.028125
0 0.4875 0.465625 0.0734375 0.0734375
0 0.6515625 0.3796875 0.0703125 0.06875
0 0.9953125 0.025 0.0046875 0.04375
0 0.553125 0.2109375 0.0328125 0.0359375
0 0.484375 0.2203125 0.003125 0.003125
0 0.553125 0.5546875 0.03125 0.034375
0 0.51875 0.5578125 0.0328125 0.03125
0 0.9828125 0.340625 0.03125 0.025
0 0.9953125 0.35625 0.00625 0.0203125
0 0.784375 0.48125 0.0140625 0.0140625
0 0.7546875 0.4890625 0.0140625 0.015625