0 0.546875 0.5640625 0.0328125 0.0234375
0 0.525 0.58125 0.0046875 0.0046875
0 0.4828125 0.5828125 0.015625 0.015625
0 0.5671875 0.5546875 0.021875 0.0375
0 0.5359375 0.5796875 0.0234375 0.0078125
0 0.771875 0.3359375 0.0296875 0.0203125
0 0.80625 0.34375 0.0421875 0.040625
0 0.771875 0.3609375 0.0421875 0.0359375
0 0.3921875 0.253125 0.0390625 0.040625
0 0.8671875 0.36875 0.0796875 0.0734375
0 0.8671875 0.6875 0.0390625 0.0265625
0 0.7609375 0.634375 0.0375 0.034375
0 0.88125 0.284375 0.0375 0.0375
0 0.5453125 0.059375 0.05 0.05625
0 0.621875 0.0234375 0.053125 0.0484375
0 0.4671875 0.50625 0.05625 0.0609375
0 0.4953125 0.4765625 0.0703125 0.0546875
0 0.5390625 0.5203125 0.0625 0.0609375