0 0.89375 0.178125 0.15 0.1515625
0 0.7453125 0.1828125 0.1421875 0.1375
0 0.8359375 0.3 0.1328125 0.128125
0 0.1546875 0.56875 0.01875 0.01875
0 0.1015625 0.5875 0.0484375 0.053125
0 0.540625 0.5265625 0.021875 0.0171875
0 0.5734375 0.509375 0.0140625 0.00625
0 0.5234375 0.475 0.0765625 0.0734375
0 0.8890625 0.7140625 0.0265625 0.0625
0 0.278125 0.7640625 0.090625 0.078125
0 0.3609375 0.7828125 0.090625 0.090625
0 0.3921875 0.7484375 0.0265625 0.04375
0 0.6109375 0.0390625 0.0890625 0.0796875
0 0.6421875 0.6953125 0.0046875 0.0078125
0 0.6640625 0.6828125 0.0046875 0.0015625