0 0.584375 0.471875 0.078125 0.084375
0 0.51875 0.4734375 0.065625 0.075
0 0.5953125 0.53125 0.0765625 0.0703125
0 0.4109375 0.634375 0.01875 0.0046875
0 0.359375 0.6671875 0.034375 0.0328125
0 0.7046875 0.58125 0.00625 0.0171875
0 0.7203125 0.5921875 0.0234375 0.025
0 0.5859375 0.6078125 0.0421875 0.01875
0 0.8890625 0.7671875 0.0359375 0.05
0 0.4234375 0.7890625 0.03125 0.053125
0 0.4578125 0.80625 0.05625 0.0609375
0 0.484375 0.790625 0.0453125 0.05625
0 0.978125 0.1859375 0.040625 0.090625
0 0.978125 0.075 0.0390625 0.1046875
0 0.5546875 0.3125 0.0453125 0.059375