0 0.696875 0.86875 0.0390625 0.0625
0 0.778125 0.88125 0.0421875 0.0515625
0 0.75 0.9046875 0.040625 0.0234375
0 0.7328125 0.8640625 0.065625 0.065625
0 0.803125 0.8703125 0.065625 0.0703125
0 0.478125 0.49375 0.0734375 0.071875
0 0.415625 0.5234375 0.06875 0.0703125
0 0.465625 0.559375 0.0671875 0.06875
0 0.1453125 0.54375 0.0359375 0.0359375
0 0.115625 0.53125 0.040625 0.0359375
0 0.76875 0.515625 0.0390625 0.03125
0 0.2609375 0.815625 0.0453125 0.0453125
0 0.86875 0.7421875 0.0171875 0.009375
0 0.85 0.725 0.00625 0.0125
0 0.084375 0.8125 0.0328125 0.0375
0 0.0828125 0.7890625 0.0234375 0.0171875
0 0.0515625 0.7953125 0.04375 0.034375
0 0.2375 0.65 0.0375 0.0390625
0 0.1984375 0.63125 0.0375 0.0359375
0 0.3234375 0.2203125 0.0875 0.0921875
0 0.525 0.4421875 0.040625 0.040625
0 0.453125 0.4328125 0.0421875 0.04375
0 0.515625 0.8765625 0.0421875 0.046875
0 0.4734375 0.85625 0.0359375 0.0234375
0 0.475 0.884375 0.040625 0.0390625
0 0.7328125 0.60625 0.0203125 0.00625
0 0.7640625 0.671875 0.0265625 0.0203125
0 0.7453125 0.7046875 0.0078125 0.0265625
0 0.7234375 0.6921875 0.0265625 0.0234375