0 0.4359375 0.29375 0.1703125 0.1765625
0 0.26875 0.2125 0.196875 0.1875
0 0.3125 0.4 0.1609375 0.1625
0 0.4984375 0.4671875 0.0421875 0.0640625
0 0.0015625 0.659375 0.003125 0.0046875
0 0.434375 0.79375 0.0046875 0.00625
0 0.58125 0.4828125 0.00625 0.0078125
0 0.478125 0.746875 0.0296875 0.028125
0 0.121875 0.85625 0.0703125 0.021875
0 0.834375 0.2515625 0.10625 0.103125
0 0.85625 0.2265625 0.0796875 0.0796875
0 0.8859375 0.15625 0.09375 0.1046875
0 0.753125 0.640625 0.084375 0.05625
0 0.1046875 0.3234375 0.0015625 0.0015625
0 0.446875 0.7890625 0.00625 0.0046875
0 0.44375 0.7828125 0.0015625 0.0046875