0 0.5109375 0.4859375 0.0578125 0.059375
0 0.4890625 0.453125 0.08125 0.0796875
0 0.5703125 0.4890625 0.078125 0.0828125
0 0.434375 0.459375 0.05 0.078125
0 0.4140625 0.446875 0.08125 0.065625
0 0.246875 0.2484375 0.0578125 0.053125
0 0.26875 0.275 0.021875 0.028125
0 0.26875 0.2796875 0.0171875 0.028125
0 0.8015625 0.3578125 0.0109375 0.025
0 0.6546875 0.6578125 0.025 0.0046875
0 0.625 0.6765625 0.025 0.0296875
0 0.684375 0.565625 0.0265625 0.04375
0 0.58125 0.4421875 0.0265625 0.01875
0 0.775 0.615625 0.021875 0.021875
0 0.7609375 0.6 0.0203125 0.025
0 0.79375 0.425 0.040625 0.0375
0 0.7671875 0.428125 0.015625 0.01875
0 0.8125 0.709375 0.028125 0.01875
0 0.1140625 0.1796875 0.0515625 0.053125
0 0.69375 0.0703125 0.0515625 0.0609375
0 0.665625 0.1203125 0.0484375 0.0546875
0 0.865625 0.5828125 0.0640625 0.0609375
0 0.8875 0.6 0.0203125 0.025
0 0.815625 0.603125 0.05625 0.059375