0 0.9328125 0.1953125 0.1296875 0.146875
0 0.7953125 0.19375 0.140625 0.134375
0 0.875 0.3109375 0.13125 0.125
0 0.1359375 0.5765625 0.0265625 0.0328125
0 0.0875 0.5890625 0.0296875 0.0234375
0 0.515625 0.5296875 0.028125 0.0203125
0 0.5546875 0.5125 0.046875 0.0296875
0 0.5234375 0.4765625 0.0765625 0.0734375
0 0.8796875 0.71875 0.0390625 0.065625
0 0.271875 0.759375 0.06875 0.0859375
0 0.378125 0.784375 0.0734375 0.096875
0 0.3546875 0.728125 0.03125 0.0234375
0 0.6328125 0.0421875 0.0875 0.0859375
0 0.5984375 0.7109375 0.0046875 0.0015625