0 0.809375 0.58125 0.0296875 0.01875
0 0.78125 0.58125 0.028125 0.0171875
0 0.840625 0.5734375 0.0296875 0.028125
0 0.8546875 0.5703125 0.0109375 0.0296875
0 0.9078125 0.5484375 0.0078125 0.0046875
0 0.8296875 0.553125 0.04375 0.0421875
0 0.871875 0.5421875 0.0453125 0.0390625
0 0.375 0.640625 0.03125 0.05
0 0.3375 0.6421875 0.0546875 0.0578125
0 0.390625 0.646875 0.0578125 0.0578125
0 0.4359375 0.64375 0.0484375 0.059375
0 0.4125 0.621875 0.009375 0.003125
0 0.4421875 0.5640625 0.028125 0.0296875
0 0.4671875 0.5828125 0.0359375 0.0109375
0 0.8359375 0.3375 0.015625 0.009375
0 0.6296875 0.4484375 0.0296875 0.0359375
0 0.859375 0.3609375 0.028125 0.0390625
0 0.4515625 0.446875 0.08125 0.0796875
0 0.49375 0.4671875 0.0671875 0.0734375