0 0.428125 0.4109375 0.1125 0.1765625
0 0.3046875 0.390625 0.234375 0.240625
0 0.6703125 0.6671875 0.0515625 0.034375
0 0.5375 0.85625 0.0015625 0.003125
0 0.3703125 0.86875 0.0078125 0.0078125
0 0.3703125 0.8765625 0.0046875 0.00625
0 0.6734375 0.6359375 0.046875 0.05625
0 0.3640625 0.803125 0.0296875 0.0359375
0 0.3890625 0.803125 0.0265625 0.0265625
0 0.43125 0.8 0.0015625 0.0015625
0 0.709375 0.6828125 0.0171875 0.00625
0 0.4828125 0.1859375 0.0265625 0.025
0 0.15625 0.728125 0.0359375 0.0375
0 0.19375 0.725 0.040625 0.0421875
0 0.390625 0.8484375 0.0015625 0.0015625
0 0.3921875 0.8484375 0.0015625 0.0015625
0 0.33125 0.8796875 0.0078125 0.009375
0 0.3484375 0.8609375 0.00625 0.0046875