0 0.3578125 0.6625 0.0109375 0.021875
0 0.0359375 0.6296875 0.04375 0.0375
0 0.3046875 0.8625 0.021875 0.0234375
0 0.284375 0.8703125 0.0203125 0.0203125
0 0.20625 0.8640625 0.025 0.0234375
0 0.2484375 0.69375 0.0203125 0.01875
0 0.703125 0.8140625 0.0625 0.0640625
0 0.7140625 0.840625 0.0578125 0.05
0 0.7171875 0.8703125 0.05625 0.0421875
0 0.665625 0.834375 0.04375 0.03125
0 0.6515625 0.7921875 0.05625 0.059375
0 0.34375 0.8515625 0.025 0.025
0 0.3640625 0.8421875 0.0203125 0.0265625
0 0.34375 0.8359375 0.021875 0.0171875
0 0.31875 0.7421875 0.0265625 0.028125
0 0.325 0.7265625 0.0265625 0.021875
0 0.43125 0.8921875 0.021875 0.0140625
0 0.15 0.5875 0.0296875 0.0328125
0 0.1609375 0.6046875 0.0171875 0.0046875
0 0.2125 0.9296875 0.0390625 0.0265625
0 0.2421875 0.928125 0.0265625 0.0328125
0 0.1921875 0.9328125 0.0046875 0.0140625
0 0.2609375 0.81875 0.015625 0.0109375
0 0.278125 0.7375 0.01875 0.0203125
0 0.46875 0.453125 0.05625 0.0640625
0 0.49375 0.4703125 0.06875 0.075
0 0.8453125 0.5796875 0.046875 0.0453125
0 0.834375 0.6921875 0.0359375 0.0359375
0 0.6265625 0.765625 0.0421875 0.0234375
0 0.5875 0.7640625 0.034375 0.0359375
0 0.20625 0.56875 0.09375 0.09375