0 0.55625 0.5375 0.0109375 0.0125
0 0.575 0.503125 0.04375 0.053125
0 0.59375 0.51875 0.0625 0.0625
0 0.4828125 0.490625 0.0109375 0.0078125
0 0.4390625 0.271875 0.0921875 0.0890625
0 0.5203125 0.246875 0.0703125 0.1
0 0.4640625 0.1953125 0.1 0.1046875
0 0.571875 0.6140625 0.0875 0.0921875
0 0.221875 0.721875 0.0484375 0.0578125
0 0.596875 0.246875 0.0046875 0.0140625
0 0.7609375 0.6234375 0.040625 0.040625
0 0.709375 0.6484375 0.0296875 0.0328125
0 0.5953125 0.39375 0.1390625 0.1453125
0 0.371875 0.715625 0.0015625 0.0015625