0 0.184375 0.309375 0.040625 0.0390625
0 0.4609375 0.471875 0.009375 0.0171875
0 0.75 0.2078125 0.10625 0.1328125
0 0.8796875 0.0890625 0.1625 0.1796875
0 0.403125 0.03125 0.0375 0.0640625
0 0.675 0.7375 0.0375 0.0390625
0 0.5625 0.6796875 0.003125 0.00625
0 0.7015625 0.3296875 0.01875 0.0296875
0 0.515625 0.578125 0.0015625 0.00625
0 0.2921875 0.121875 0.0390625 0.0390625
0 0.35625 0.1046875 0.04375 0.01875
0 0.1375 0.6015625 0.0546875 0.040625
0 0.1515625 0.5765625 0.071875 0.0609375
0 0.234375 0.6171875 0.0078125 0.00625