0 0.615625 0.8125 0.0546875 0.04375
0 0.5828125 0.815625 0.0171875 0.025
0 0.6484375 0.8046875 0.00625 0.0046875
0 0.8953125 0.7296875 0.0296875 0.021875
0 0.721875 0.6828125 0.1390625 0.1359375
0 0.7578125 0.7171875 0.1046875 0.1046875
0 0.3765625 0.88125 0.0765625 0.0921875
0 0.4453125 0.8640625 0.0875 0.0921875
0 0.8421875 0.7 0.0125 0.021875
0 0.0140625 0.8484375 0.0296875 0.046875
0 0.9578125 0.8453125 0.0359375 0.0265625
0 0.8234375 0.203125 0.121875 0.11875
0 0.08125 0.65 0.003125 0.0078125
0 0.5234375 0.45 0.0609375 0.028125