0 0.16875 0.5828125 0.0359375 0.046875
0 0.20625 0.5671875 0.040625 0.034375
0 0.253125 0.559375 0.028125 0.0265625
0 0.775 0.528125 0.03125 0.01875
0 0.4125 0.3140625 0.1375 0.1421875
0 0.55625 0.3171875 0.1578125 0.159375
0 0.4421875 0.5203125 0.009375 0.015625
0 0.484375 0.4796875 0.071875 0.0734375
0 0.453125 0.525 0.0140625 0.01875
0 0.29375 0.728125 0.0328125 0.059375
0 0.7015625 0.75625 0.090625 0.0953125
0 0.696875 0.809375 0.0234375 0.0109375
0 0.5921875 0.7671875 0.05 0.08125
0 0.6 0.4640625 0.0078125 0.0140625
0 0.640625 0.3125 0.003125 0.003125
0 0.0125 0.021875 0.025 0.034375