0 0.5046875 0.471875 0.0625 0.053125
0 0.809375 0.7734375 0.00625 0.009375
0 0.790625 0.7828125 0.0359375 0.0296875
0 0.7578125 0.803125 0.0359375 0.0296875
0 0.7625 0.7765625 0.028125 0.0296875
0 0.79375 0.75 0.0171875 0.0359375
0 0.165625 0.390625 0.046875 0.05625
0 0.0671875 0.384375 0.065625 0.053125
0 0.1671875 0.9921875 0.0546875 0.0125
0 0.134375 0.9828125 0.034375 0.03125
0 0.9703125 0.5328125 0.0375 0.040625
0 0.984375 0.553125 0.009375 0.021875
0 0.653125 0.6125 0.021875 0.021875
0 0.675 0.690625 0.0203125 0.025
0 0.6296875 0.7390625 0.028125 0.0359375
0 0.5984375 0.7296875 0.0359375 0.03125