0 0.465625 0.625 0.040625 0.053125
0 0.4875 0.640625 0.028125 0.046875
0 0.425 0.6109375 0.046875 0.0546875
0 0.4375 0.4859375 0.0140625 0.009375
0 0.8953125 0.796875 0.00625 0.0015625
0 0.8953125 0.79375 0.0078125 0.009375
0 0.8578125 0.8765625 0.009375 0.0046875
0 0.85625 0.8859375 0.003125 0.0046875
0 0.971875 0.8671875 0.009375 0.009375
0 0.88125 0.80625 0.009375 0.009375
0 0.4828125 0.4671875 0.0703125 0.071875
0 0.44375 0.440625 0.075 0.078125
0 0.490625 0.753125 0.0671875 0.0734375
0 0.128125 0.8296875 0.015625 0.0265625
0 0.409375 0.2 0.115625 0.1171875
0 0.503125 0.1625 0.1078125 0.1171875
0 0.4390625 0.0671875 0.1109375 0.1328125
0 0.4828125 0.40625 0.0296875 0.046875
0 0.578125 0.703125 0.0234375 0.0171875
0 0.571875 0.6515625 0.096875 0.1
0 0.9 0.865625 0.0078125 0.009375
0 0.8921875 0.8609375 0.0078125 0.0078125
0 0.9328125 0.825 0.009375 0.0078125
0 0.921875 0.81875 0.009375 0.0078125
0 0.825 0.8859375 0.0078125 0.0078125
0 0.8203125 0.8671875 0.009375 0.0078125
0 0.84375 0.8234375 0.009375 0.0078125
0 0.9859375 0.7890625 0.0078125 0.0078125
0 0.996875 0.8125 0.003125 0.00625