0 0.89375 0.834375 0.0765625 0.0359375
0 0.96875 0.85625 0.034375 0.015625
0 0.9609375 0.8484375 0.0734375 0.0453125
0 0.89375 0.809375 0.0796875 0.0765625
0 0.965625 0.8171875 0.0640625 0.0890625
0 0.4890625 0.403125 0.0703125 0.075
0 0.453125 0.4453125 0.0625 0.0703125
0 0.4953125 0.475 0.0484375 0.0703125
0 0.446875 0.5265625 0.0296875 0.0328125
0 0.428125 0.5140625 0.00625 0.0109375
0 0.9921875 0.3640625 0.0109375 0.015625
0 0.19375 0.8046875 0.028125 0.0296875
0 0.1546875 0.8203125 0.028125 0.0359375
0 0.5078125 0.7703125 0.0421875 0.04375
0 0.1921875 0.540625 0.0375 0.0328125
0 0.4140625 0.76875 0.0359375 0.0328125
0 0.4265625 0.75 0.015625 0.0125
0 0.384375 0.7578125 0.03125 0.0359375
0 0.5125 0.61875 0.0296875 0.03125
0 0.4828125 0.60625 0.03125 0.025
0 0.3 0.8390625 0.028125 0.0296875
0 0.534375 0.96875 0.1296875 0.0578125
0 0.2375 0.1640625 0.0859375 0.0921875
0 0.7234375 0.3546875 0.0421875 0.0375
0 0.6515625 0.3640625 0.040625 0.0484375
0 0.78125 0.8359375 0.0484375 0.0484375
0 0.7375 0.815625 0.0390625 0.021875
0 0.7296875 0.846875 0.0484375 0.053125
0 0.0046875 0.7515625 0.0109375 0.028125
0 0.115625 0.61875 0.0359375 0.03125