0 0.2828125 0.6296875 0.0484375 0.04375
0 0.3078125 0.625 0.025 0.0453125
0 0.253125 0.634375 0.025 0.0375
0 0.3296875 0.6265625 0.0421875 0.046875
0 0.35625 0.6046875 0.021875 0.009375
0 0.78125 0.64375 0.015625 0.0140625
0 0.4890625 0.5828125 0.0109375 0.0328125
0 0.5125 0.4296875 0.0828125 0.0796875
0 0.5078125 0.475 0.0703125 0.053125
0 0.159375 0.6203125 0.0703125 0.06875
0 0.775 0.6 0.04375 0.0546875
0 0.2265625 0.6015625 0.071875 0.06875
0 0.98125 0.80625 0.034375 0.025
0 0.925 0.815625 0.0546875 0.05
0 0.7859375 0.4234375 0.0109375 0.009375
0 0.325 0.484375 0.0015625 0.0015625
0 0.590625 0.1640625 0.071875 0.0671875
0 0.2453125 0.3015625 0.021875 0.04375
0 0.26875 0.3234375 0.0234375 0.04375