0 0.8953125 0.784375 0.0078125 0.01875
0 0.728125 0.7734375 0.096875 0.096875
0 0.6234375 0.75 0.0953125 0.0984375
0 0.6796875 0.81875 0.0921875 0.0953125
0 0.040625 0.821875 0.040625 0.034375
0 0.9546875 0.7046875 0.025 0.0234375
0 0.3828125 0.721875 0.0109375 0.040625
0 0.41875 0.7359375 0.01875 0.0125
0 0.403125 0.7890625 0.04375 0.065625
0 0.9265625 0.909375 0.0015625 0.003125
0 0.5828125 0.8078125 0.01875 0.0203125
0 0.9859375 0.7046875 0.025 0.0109375
0 0.984375 0.696875 0.028125 0.015625
0 0.984375 0.8828125 0.0140625 0.0078125
0 0.69375 0.9796875 0.0359375 0.0359375
0 0.50625 0.4875 0.0703125 0.0546875
0 0.8546875 0.584375 0.0046875 0.021875
0 0.3609375 0.5546875 0.028125 0.025
0 0.4640625 0.825 0.0078125 0.0109375