0 0.3359375 0.4859375 0.071875 0.075
0 0.4203125 0.5109375 0.0609375 0.053125
0 0.3515625 0.540625 0.0703125 0.053125
0 0.396875 0.4625 0.078125 0.075
0 0.46875 0.478125 0.0734375 0.0734375
0 0.36875 0.175 0.053125 0.05625
0 0.26875 0.5484375 0.028125 0.025
0 0.240625 0.5609375 0.0265625 0.0265625
0 0.2109375 0.571875 0.03125 0.03125
0 0.2234375 0.54375 0.028125 0.0265625
0 0.25625 0.534375 0.03125 0.025
0 0.89375 0.521875 0.209375 0.2609375
0 0.8796875 0.365625 0.1546875 0.125
0 0.4140625 0.390625 0.025 0.028125
0 0.4234375 0.4109375 0.015625 0.0109375
0 0.1015625 0.415625 0.03125 0.028125
0 0.134375 0.4859375 0.0109375 0.0140625
0 0.1203125 0.5015625 0.0359375 0.0328125
0 0.109375 0.4828125 0.0390625 0.0328125
0 0.5453125 0.4609375 0.0265625 0.028125