0 0.7 0.9578125 0.0390625 0.05625
0 0.7671875 0.9640625 0.0265625 0.053125
0 0.73125 0.990625 0.0390625 0.0140625
0 0.734375 0.9578125 0.0546875 0.0578125
0 0.790625 0.9640625 0.0484375 0.059375
0 0.5703125 0.6640625 0.0609375 0.0609375
0 0.5125 0.6859375 0.059375 0.0609375
0 0.55 0.715625 0.0578125 0.059375
0 0.128125 0.625 0.0359375 0.034375
0 0.1015625 0.6140625 0.0390625 0.034375
0 0.740625 0.6296875 0.0390625 0.040625
0 0.2765625 0.90625 0.0421875 0.046875
0 0.78125 0.7859375 0.0109375 0.0109375
0 0.7625 0.79375 0.021875 0.021875
0 0.7453125 0.8046875 0.0109375 0.0078125
0 0.74375 0.7859375 0.025 0.0265625
0 0.7671875 0.7734375 0.01875 0.0234375
0 0.0734375 0.8921875 0.0421875 0.0375
0 0.0671875 0.8765625 0.0359375 0.0359375
0 0.0328125 0.88125 0.0390625 0.0375
0 0.2296875 0.734375 0.025 0.0375
0 0.175 0.715625 0.0109375 0.034375
0 0.5015625 0.46875 0.071875 0.071875
0 0.525 0.5578125 0.0375 0.0375
0 0.459375 0.546875 0.0390625 0.0390625
0 0.50625 0.946875 0.021875 0.0390625
0 0.459375 0.9328125 0.028125 0.01875
0 0.4703125 0.9625 0.01875 0.0390625
0 0.8953125 0.6390625 0.009375 0.0125
0 0.9125 0.6484375 0.0203125 0.0171875
0 0.6453125 0.6671875 0.01875 0.0125
0 0.665625 0.728125 0.015625 0.0171875
0 0.6578125 0.765625 0.0234375 0.028125
0 0.64375 0.7578125 0.0265625 0.0265625