0 0.6359375 0.521875 0.065625 0.0484375
0 0.5953125 0.4734375 0.0734375 0.075
0 0.671875 0.4859375 0.075 0.0765625
0 0.5671875 0.5109375 0.0671875 0.0546875
0 0.521875 0.4734375 0.071875 0.0765625
0 0.2328125 0.653125 0.0328125 0.0234375
0 0.203125 0.6640625 0.0296875 0.025
0 0.25625 0.3453125 0.0796875 0.078125
0 0.74375 0.621875 0.015625 0.0203125
0 0.2 0.5796875 0.028125 0.0296875
0 0.6703125 0.6 0.04375 0.0484375
0 0.2796875 0.29375 0.0859375 0.0890625
0 0.1859375 0.2921875 0.0890625 0.0859375
0 0.3921875 0.61875 0.0859375 0.090625
0 0.346875 0.7375 0.0390625 0.065625
0 0.0828125 0.7640625 0.0171875 0.0171875
0 0.1109375 0.76875 0.0203125 0.0078125
0 0.55625 0.2046875 0.071875 0.0734375
0 0.03125 0.4734375 0.0640625 0.1125
0 0.6359375 0.29375 0.0015625 0.0015625
0 0.9546875 0.471875 0.0578125 0.0484375
0 0.640625 0.353125 0.0265625 0.0359375
0 0.9953125 0.678125 0.0046875 0.0078125