0 0.440625 0.4703125 0.0578125 0.053125
0 0.4265625 0.4390625 0.071875 0.071875
0 0.4953125 0.4734375 0.0703125 0.0734375
0 0.3734375 0.4421875 0.0453125 0.0671875
0 0.3609375 0.4234375 0.071875 0.0703125
0 0.1796875 0.234375 0.05625 0.053125
0 0.1953125 0.275 0.0359375 0.053125
0 0.21875 0.278125 0.0578125 0.0546875
0 0.6734375 0.36875 0.025 0.0171875
0 0.6390625 0.375 0.028125 0.0140625
0 0.65625 0.0046875 0.0203125 0.0109375
0 0.528125 0.6421875 0.00625 0.003125
0 0.50625 0.6671875 0.021875 0.021875
0 0.578125 0.553125 0.0296875 0.040625
0 0.4734375 0.43125 0.0171875 0.00625
0 0.659375 0.603125 0.028125 0.0265625
0 0.6390625 0.5859375 0.0234375 0.015625
0 0.6734375 0.4296875 0.03125 0.0328125
0 0.6578125 0.428125 0.0109375 0.034375
0 0.678125 0.6953125 0.025 0.025
0 0.0421875 0.1578125 0.0484375 0.0484375
0 0.6046875 0.103125 0.046875 0.0546875
0 0.575 0.1453125 0.04375 0.05
0 0.7390625 0.5703125 0.0546875 0.0515625
0 0.746875 0.590625 0.0375 0.0140625
0 0.690625 0.5875 0.040625 0.0515625
0 0.475 0.5125 0.0203125 0.0078125