0 0.709375 0.6546875 0.0671875 0.06875
0 0.6625 0.6828125 0.0609375 0.065625
0 0.7171875 0.7125 0.0640625 0.0625
0 0.5515625 0.6375 0.028125 0.0328125
0 0.521875 0.63125 0.0328125 0.0296875
0 0.3140625 0.90625 0.03125 0.034375
0 0.284375 0.921875 0.03125 0.0359375
0 0.6453125 0.9015625 0.040625 0.0453125
0 0.3171875 0.659375 0.0328125 0.0328125
0 0.528125 0.8765625 0.0328125 0.0359375
0 0.5296875 0.8546875 0.028125 0.015625
0 0.4984375 0.859375 0.0328125 0.028125
0 0.628125 0.7390625 0.0328125 0.01875
0 0.59375 0.728125 0.0234375 0.015625
0 0.3984375 0.921875 0.025 0.0234375
0 0.5078125 0.4671875 0.071875 0.0734375
0 0.8546875 0.5328125 0.04375 0.0171875
0 0.7765625 0.5296875 0.0390625 0.04375
0 0.90625 0.975 0.0453125 0.0453125
0 0.875 0.96875 0.015625 0.009375
0 0.8609375 0.98125 0.0484375 0.0328125
0 0.121875 0.85 0.03125 0.0328125
0 0.2375 0.725 0.03125 0.0296875