0 0.58125 0.528125 0.0515625 0.0515625
0 0.6078125 0.5265625 0.021875 0.0484375
0 0.5515625 0.5359375 0.03125 0.0390625
0 0.634375 0.521875 0.0453125 0.05
0 0.6546875 0.5046875 0.015625 0.0125
0 0.959375 0.1953125 0.078125 0.0984375
0 0.946875 0.2390625 0.0921875 0.0484375
0 0.5203125 0.4703125 0.075 0.075
0 0.5953125 0.446875 0.075 0.0765625
0 0.7296875 0.503125 0.0078125 0.0046875
0 0.6859375 0.65 0.034375 0.0140625
0 0.5734375 0.115625 0.0015625 0.0046875
0 0.178125 0.2875 0.0421875 0.040625
0 0.625 0.1796875 0.028125 0.034375