0 0.9921875 0.45 0.0125 0.040625
0 0.9640625 0.4125 0.06875 0.06875
0 0.95 0.453125 0.0671875 0.046875
0 0.896875 0.4234375 0.0671875 0.0671875
0 0.3828125 0.509375 0.04375 0.0390625
0 0.3984375 0.525 0.0125 0.0125
0 0.4140625 0.5375 0.0296875 0.0359375
0 0.690625 0.6171875 0.0234375 0.0296875
0 0.6703125 0.63125 0.025 0.0234375
0 0.65625 0.359375 0.0609375 0.0546875
0 0.6453125 0.5515625 0.0234375 0.01875
0 0.6671875 0.315625 0.0671875 0.06875
0 0.6 0.328125 0.0640625 0.065625
0 0.784375 0.5515625 0.071875 0.071875
0 0.790625 0.66875 0.0546875 0.053125
0 0.3515625 0.29375 0.0578125 0.0609375
0 0.3609375 0.2375 0.0625 0.0640625
0 0.3125 0.2421875 0.053125 0.0609375
0 0.9 0.184375 0.06875 0.065625
0 0.4953125 0.4734375 0.071875 0.075