0 0.50625 0.5125 0.065625 0.053125
0 0.4296875 0.4765625 0.06875 0.071875
0 0.4984375 0.478125 0.0703125 0.0734375
0 0.4484375 0.5171875 0.0546875 0.040625
0 0.38125 0.484375 0.059375 0.0703125
0 0.00625 0.571875 0.0140625 0.009375
0 0.01875 0.5640625 0.0109375 0.015625
0 0.021875 0.575 0.0203125 0.0328125
0 0.3953125 0.66875 0.0015625 0.0015625
0 0.15625 0.4125 0.065625 0.0609375
0 0.646875 0.55 0.003125 0.003125
0 0.7625 0.5875 0.0546875 0.05625
0 0.715625 0.58125 0.0484375 0.0515625
0 0.1359375 0.371875 0.071875 0.0703125
0 0.0828125 0.384375 0.0671875 0.0671875
0 0.2078125 0.625 0.0765625 0.075
0 0.3578125 0.70625 0.0328125 0.015625
0 0.3921875 0.234375 0.065625 0.0671875
0 0.59375 0.4125 0.028125 0.025
0 0.66875 0.275 0.04375 0.053125
0 0.990625 0.4 0.0140625 0.0515625
0 0.671875 0.33125 0.0234375 0.0421875