0 0.5609375 0.778125 0.0515625 0.0703125
0 0.5203125 0.7546875 0.075 0.0796875
0 0.596875 0.7671875 0.075 0.08125
0 0.490625 0.7640625 0.046875 0.075
0 0.4453125 0.7484375 0.0734375 0.0796875
0 0.1703125 0.6484375 0.08125 0.06875
0 0.6734375 0.803125 0.0515625 0.05625
0 0.1375 0.75625 0.0390625 0.0375
0 0.628125 0.8 0.04375 0.0265625
0 0.1875 0.6140625 0.0890625 0.090625
0 0.09375 0.6109375 0.09375 0.0875
0 0.2984375 0.9515625 0.090625 0.0921875
0 0.2640625 0.9953125 0.003125 0.0046875
0 0.01875 0.9765625 0.0390625 0.0421875
0 0.071875 0.9671875 0.0515625 0.0296875
0 0.0078125 0.5140625 0.0171875 0.0171875
0 0.4828125 0.471875 0.071875 0.0734375
0 0.603125 0.4765625 0.03125 0.03125
0 0.90625 0.665625 0.05625 0.053125
0 0.5921875 0.5265625 0.0375 0.0203125
0 0.99375 0.828125 0.00625 0.028125
0 0.9734375 0.8234375 0.0390625 0.0171875