0 0.6328125 0.5890625 0.00625 0.003125
0 0.61875 0.6 0.003125 0.00625
0 0.9421875 0.059375 0.1125 0.11875
0 0.9375 0.1421875 0.121875 0.0765625
0 0.834375 0.0796875 0.1359375 0.1453125
0 0.7703125 0.053125 0.0484375 0.0484375
0 0.5359375 0.615625 0.00625 0.003125
0 0.6765625 0.6078125 0.009375 0.0078125
0 0.6859375 0.609375 0.0078125 0.009375
0 0.6875 0.6140625 0.00625 0.003125
0 0.6796875 0.6125 0.00625 0.0046875
0 0.66875 0.609375 0.00625 0.009375
0 0.5046875 0.578125 0.00625 0.003125
0 0.596875 0.5796875 0.00625 0.003125
0 0.60625 0.5875 0.00625 0.009375
0 0.5109375 0.609375 0.00625 0.0078125
0 0.6 0.5484375 0.0046875 0.00625
0 0.6234375 0.56875 0.0046875 0.0078125
0 0.6078125 0.55625 0.00625 0.00625
0 0.7375 0.596875 0.003125 0.0046875
0 0.7234375 0.5953125 0.00625 0.0078125
0 0.5703125 0.6125 0.0609375 0.0625
0 0.5046875 0.475 0.071875 0.071875
0 0.1078125 0.1921875 0.0796875 0.0765625