0 0.978125 0.8421875 0.0078125 0.009375
0 0.9796875 0.8515625 0.0078125 0.009375
0 0.5171875 0.5015625 0.003125 0.00625
0 0.45625 0.55 0.0046875 0.0171875
0 0.3765625 0.53125 0.003125 0.0078125
0 0.428125 0.478125 0.003125 0.0296875
0 0.4921875 0.4734375 0.0515625 0.0640625
0 0.98125 0.128125 0.034375 0.021875
0 0.1390625 0.4640625 0.0328125 0.021875
0 0.1484375 0.4234375 0.0453125 0.0609375
0 0.9328125 0.8546875 0.0109375 0.0109375
0 0.9390625 0.828125 0.0109375 0.0078125
0 0.9640625 0.7765625 0.0125 0.0109375