0 0.4890625 0.715625 0.034375 0.0421875
0 0.5234375 0.696875 0.003125 0.0015625
0 0.540625 0.75625 0.025 0.0234375
0 0.7609375 0.7625 0.003125 0.003125
0 0.840625 0.615625 0.0703125 0.0703125
0 0.7640625 0.7390625 0.040625 0.0390625
0 0.8640625 0.5890625 0.0796875 0.078125
0 0.7796875 0.5921875 0.0765625 0.071875
0 0.9859375 0.8859375 0.0234375 0.08125
0 0.95625 0.9328125 0.0453125 0.065625
0 0.665625 0.93125 0.0015625 0.00625
0 0.7234375 0.909375 0.0265625 0.0359375
0 0.490625 0.5421875 0.0671875 0.065625
0 0.50625 0.4875 0.0703125 0.0703125
0 0.446875 0.4828125 0.0640625 0.065625
0 0.6890625 0.80625 0.0859375 0.090625