0 0.553125 0.6453125 0.0046875 0.0015625
0 0.5296875 0.65625 0.003125 0.00625
0 0.3578125 0.7328125 0.0046875 0.003125
0 0.3375 0.7296875 0.0203125 0.015625
0 0.3328125 0.7171875 0.009375 0.0125
0 0.2890625 0.709375 0.0140625 0.0046875
0 0.4015625 0.5921875 0.0078125 0.00625
0 0.3796875 0.61875 0.0078125 0.003125
0 0.8140625 0.509375 0.015625 0.0234375
0 0.7984375 0.5140625 0.01875 0.025
0 0.3375 0.478125 0.0234375 0.021875
0 0.634375 0.709375 0.0265625 0.025
0 0.5703125 0.66875 0.00625 0.00625
0 0.5765625 0.66875 0.0046875 0.00625
0 0.5734375 0.671875 0.0046875 0.0015625
0 0.565625 0.665625 0.0015625 0.0015625
0 0.478125 0.6234375 0.003125 0.0046875
0 0.515625 0.65 0.00625 0.00625
0 0.5328125 0.6328125 0.00625 0.0046875
0 0.446875 0.4515625 0.071875 0.071875
0 0.5109375 0.4828125 0.071875 0.071875
0 0.565625 0.5265625 0.0703125 0.0734375
0 0.5375 0.4921875 0.046875 0.065625
0 0.478125 0.453125 0.0390625 0.0671875
0 0.8578125 0.7015625 0.0234375 0.01875
0 0.3 0.8046875 0.025 0.01875
0 0.25 0.7609375 0.003125 0.0046875
0 0.1203125 0.6625 0.021875 0.025
0 0.503125 0.440625 0.00625 0.00625
0 0.5328125 0.4515625 0.021875 0.0140625
0 0.5578125 0.7515625 0.03125 0.034375
0 0.5984375 0.746875 0.025 0.0265625
0 0.8359375 0.6203125 0.0140625 0.01875
0 0.171875 0.1640625 0.053125 0.0640625
0 0.1140625 0.1640625 0.0703125 0.065625
0 0.8640625 0.1296875 0.0765625 0.0734375
0 0.809375 0.2953125 0.078125 0.075
0 0.665625 0.4859375 0.05625 0.05625
0 0.6390625 0.49375 0.0109375 0.028125