0 0.696875 0.61875 0.028125 0.025
0 0.70625 0.628125 0.0203125 0.0171875
0 0.678125 0.6328125 0.0234375 0.0234375
0 0.7265625 0.6125 0.025 0.028125
0 0.734375 0.6203125 0.01875 0.021875
0 0.853125 0.4265625 0.0125 0.0328125
0 0.8390625 0.428125 0.025 0.0328125
0 0.828125 0.45 0.034375 0.0296875
0 0.3546875 0.215625 0.0390625 0.040625
0 0.3859375 0.19375 0.0390625 0.04375
0 0.6140625 0.4453125 0.0171875 0.021875
0 0.41875 0.4546875 0.0703125 0.071875
0 0.478125 0.4703125 0.0734375 0.075
0 0.5609375 0.546875 0.0359375 0.03125
0 0.5734375 0.096875 0.021875 0.053125
0 0.278125 0.596875 0.009375 0.021875
0 0.2984375 0.5796875 0.0109375 0.015625
0 0.3140625 0.56875 0.01875 0.0125
0 0.359375 0.5046875 0.0484375 0.034375
0 0.315625 0.484375 0.040625 0.046875
0 0.3546875 0.4734375 0.05 0.05
0 0.421875 0.384375 0.03125 0.0359375
0 0.4125 0.35 0.0390625 0.0390625
0 0.0171875 0.540625 0.034375 0.0734375
0 0.953125 0.640625 0.0328125 0.0296875
0 0.9625 0.3328125 0.034375 0.0328125
0 0.96875 0.5578125 0.0296875 0.0265625
0 0.584375 0.346875 0.0265625 0.0234375
0 0.5890625 0.31875 0.0296875 0.0296875
0 0.4921875 0.6171875 0.025 0.025
0 0.5265625 0.6296875 0.025 0.025
0 0.6546875 0.0921875 0.1109375 0.1234375
0 0.5359375 0.03125 0.071875 0.0625
0 0.4 0.4890625 0.0171875 0.015625
0 0.3984375 0.503125 0.0171875 0.0125
0 0.1828125 0.4625 0.0234375 0.0234375
0 0.2 0.5265625 0.0234375 0.021875
0 0.2765625 0.55 0.021875 0.0203125
0 0.2875 0.5390625 0.025 0.021875
0 0.4640625 0.546875 0.0109375 0.0171875