0 0.528125 0.6765625 0.0296875 0.0203125
0 0.55 0.6515625 0.0453125 0.0515625
0 0.5625 0.665625 0.0296875 0.0328125
0 0.5015625 0.6734375 0.028125 0.0125
0 0.5078125 0.6421875 0.0453125 0.0578125
0 0.475 0.5296875 0.0671875 0.05625
0 0.1453125 0.61875 0.0078125 0.0015625
0 0.54375 0.5125 0.0640625 0.0671875
0 0.5 0.4921875 0.06875 0.0703125
0 0.5640625 0.775 0.0609375 0.0625
0 0.3109375 0.85 0.0015625 0.0015625
0 0.4984375 0.8109375 0.0140625 0.01875
0 0.4234375 0.309375 0.1 0.1
0 0.50625 0.2671875 0.096875 0.0984375
0 0.434375 0.2015625 0.1 0.109375
0 0.5546875 0.4515625 0.05 0.05
0 0.6921875 0.7046875 0.0328125 0.0359375
0 0.6453125 0.7203125 0.0171875 0.0265625
0 0.6 0.6859375 0.0859375 0.090625