0 0.296875 0.828125 0.04375 0.0390625
0 0.3203125 0.8234375 0.0046875 0.0140625
0 0.2734375 0.8359375 0.00625 0.0046875
0 0.334375 0.8265625 0.028125 0.0234375
0 0.7859375 0.7828125 0.003125 0.0046875
0 0.8359375 0.78125 0.040625 0.0203125
0 0.803125 0.8265625 0.0171875 0.0140625
0 0.50625 0.759375 0.0125 0.0125
0 0.421875 0.7546875 0.08125 0.08125
0 0.4359375 0.7734375 0.0625 0.0609375
0 0.13125 0.8859375 0.0625 0.0703125
0 0.765625 0.83125 0.0625 0.059375
0 0.190625 0.8703125 0.06875 0.0671875
0 0.3421875 0.65 0.0109375 0.0140625
0 0.5390625 0.84375 0.021875 0.0171875
0 0.5046875 0.465625 0.06875 0.0640625
0 0.2625 0.559375 0.0390625 0.0296875