0 0.0171875 0.1015625 0.0359375 0.0328125
0 0.09375 0.0515625 0.1890625 0.103125
0 0.68125 0.234375 0.04375 0.05
0 0.640625 0.2296875 0.028125 0.03125
0 0.521875 0.4765625 0.06875 0.0734375
0 0.6609375 0.5734375 0.034375 0.0453125
0 0.69375 0.5453125 0.0296875 0.0171875
0 0.6328125 0.5609375 0.03125 0.0328125
0 0.6890625 0.29375 0.0421875 0.0578125
0 0.659375 0.3109375 0.0375 0.0296875
0 0.6859375 0.709375 0.0140625 0.0359375
0 0.8515625 0.4625 0.128125 0.1140625
0 0.8140625 0.5203125 0.01875 0.0171875
0 0.7484375 0.5109375 0.1109375 0.109375
0 0.3625 0.6171875 0.01875 0.0265625
0 0.41875 0.46875 0.0046875 0.0046875