0 0.384375 0.80625 0.009375 0.0046875
0 0.4125 0.7859375 0.0234375 0.0265625
0 0.546875 0.6234375 0.0265625 0.0140625
0 0.546875 0.6375 0.0296875 0.028125
0 0.528125 0.653125 0.0234375 0.0296875
0 0.134375 0.4421875 0.05 0.046875
0 0.18125 0.43125 0.0515625 0.0484375
0 0.30625 0.8890625 0.075 0.0828125
0 0.3765625 0.9203125 0.075 0.084375
0 0.31875 0.78125 0.00625 0.0203125
0 0.446875 0.4390625 0.0484375 0.0546875
0 0.13125 0.8109375 0.05625 0.025
0 0.0859375 0.78125 0.053125 0.0546875
0 0.1359375 0.778125 0.0578125 0.0578125
0 0.171875 0.621875 0.028125 0.0203125
0 0.178125 0.5796875 0.046875 0.0375
0 0.6671875 0.8765625 0.0296875 0.03125
0 0.60625 0.8203125 0.021875 0.021875
0 0.65 0.5625 0.028125 0.028125
0 0.3109375 0.515625 0.0265625 0.0203125
0 0.321875 0.5046875 0.0265625 0.0296875
0 0.2140625 0.8390625 0.003125 0.0046875
0 0.2 0.825 0.03125 0.0328125
0 0.2390625 0.8390625 0.021875 0.0234375
0 0.7140625 0.775 0.09375 0.0921875
0 0.48125 0.475 0.0734375 0.075
0 0.0453125 0.5921875 0.0234375 0.0203125
0 0.040625 0.6078125 0.021875 0.0171875
0 0.1140625 0.659375 0.01875 0.0109375