0 0.58125 0.4890625 0.009375 0.009375
0 0.49375 0.4734375 0.0640625 0.071875
0 0.771875 0.446875 0.003125 0.003125
0 0.8484375 0.4484375 0.00625 0.003125
0 0.96875 0.5640625 0.0015625 0.003125
0 0.9515625 0.6453125 0.09375 0.0984375
0 0.9703125 0.6984375 0.0546875 0.0140625
0 0.89375 0.7140625 0.015625 0.025
0 0.86875 0.7328125 0.0015625 0.0015625
0 0.859375 0.7265625 0.015625 0.009375
0 0.86875 0.71875 0.0234375 0.0234375
0 0.90625 0.7125 0.0328125 0.0203125
0 0.7546875 0.2734375 0.009375 0.015625
0 0.6859375 0.671875 0.0265625 0.0234375
0 0.709375 0.6671875 0.0265625 0.0265625