0 0.8375 0.5875 0.0265625 0.034375
0 0.853125 0.596875 0.0046875 0.0203125
0 0.4859375 0.471875 0.0703125 0.0765625
0 0.4171875 0.465625 0.071875 0.0703125
0 0.4765625 0.5265625 0.06875 0.0640625
0 0.1328125 0.628125 0.0296875 0.0359375
0 0.08125 0.6453125 0.0328125 0.0421875
0 0.44375 0.5921875 0.0234375 0.015625
0 0.365625 0.584375 0.0515625 0.0421875
0 0.88125 0.4421875 0.0140625 0.0109375
0 0.846875 0.43125 0.0515625 0.0265625
0 0.884375 0.6828125 0.053125 0.04375
0 0.6359375 0.7265625 0.025 0.0109375
0 0.1921875 0.7734375 0.040625 0.0546875
0 0.2390625 0.7890625 0.0578125 0.0625
0 0.2546875 0.7703125 0.046875 0.0515625
0 0.8625 0.2984375 0.075 0.0734375
0 0.9171875 0.2640625 0.075 0.0734375
0 0.878125 0.2171875 0.0796875 0.0796875
0 0.4 0.3 0.0578125 0.0328125
0 0.8078125 0.428125 0.003125 0.009375
0 0.909375 0.6640625 0.003125 0.003125
0 0.9671875 0.5875 0.0609375 0.06875
0 0.6421875 0.41875 0.0078125 0.0046875
0 0.721875 0.571875 0.00625 0.0015625