0 0.9796875 0.246875 0.0359375 0.1078125
0 0.896875 0.2265625 0.1359375 0.125
0 0.9421875 0.3421875 0.1109375 0.115625
0 0.1 0.5484375 0.0453125 0.0671875
0 0.003125 0.5328125 0.0078125 0.0109375
0 0.45625 0.5296875 0.0296875 0.0234375
0 0.490625 0.5203125 0.034375 0.0109375
0 0.521875 0.478125 0.0765625 0.071875
0 0.678125 0.609375 0.0234375 0.0171875
0 0.8453125 0.7234375 0.0640625 0.06875
0 0.3 0.75625 0.09375 0.0953125
0 0.39375 0.784375 0.0921875 0.09375
0 0.3671875 0.759375 0.05625 0.0875
0 0.6765625 0.0578125 0.084375 0.090625
0 0.453125 0.328125 0.003125 0.00625
0 0.69375 0.365625 0.0015625 0.0015625