0 0.3734375 0.46875 0.0703125 0.075
0 0.40625 0.5234375 0.071875 0.0546875
0 0.3984375 0.4453125 0.01875 0.0515625
0 0.440625 0.15625 0.053125 0.0578125
0 0.3515625 0.575 0.0046875 0.01875
0 0.3671875 0.54375 0.0171875 0.0265625
0 0.55625 0.4 0.3359375 0.334375
0 0.7859375 0.265625 0.1828125 0.1828125
0 0.140625 0.0109375 0.05625 0.0234375
0 0.034375 0.578125 0.046875 0.0515625
0 0.2625 0.428125 0.0265625 0.0265625
0 0.2890625 0.4921875 0.0234375 0.0140625
0 0.271875 0.50625 0.03125 0.0328125
0 0.259375 0.490625 0.034375 0.03125