0 0.5875 0.528125 0.0546875 0.05
0 0.5734375 0.503125 0.06875 0.06875
0 0.640625 0.5328125 0.06875 0.0734375
0 0.521875 0.525 0.03125 0.025
0 0.509375 0.496875 0.06875 0.0546875
0 0.3296875 0.3015625 0.0515625 0.0484375
0 0.346875 0.3359375 0.0359375 0.0484375
0 0.3671875 0.3421875 0.0515625 0.05
0 0.809375 0.375 0.0125 0.0015625
0 0.775 0.390625 0.028125 0.021875
0 0.7703125 0.0328125 0.0640625 0.0671875
0 0.65 0.6890625 0.0140625 0.015625
0 0.7203125 0.5671875 0.0078125 0.00625
0 0.60625 0.459375 0.0203125 0.0046875
0 0.8 0.61875 0.0265625 0.021875
0 0.7828125 0.6140625 0.0265625 0.028125
0 0.80625 0.440625 0.00625 0.00625
0 0.7953125 0.446875 0.0140625 0.0296875
0 0.828125 0.715625 0.0203125 0.01875
0 0.065625 0.7078125 0.059375 0.05625
0 0.0859375 0.596875 0.065625 0.0640625
0 0.2015625 0.2359375 0.0453125 0.046875
0 0.7296875 0.1421875 0.0484375 0.0515625
0 0.703125 0.18125 0.04375 0.0484375
0 0.8875 0.60625 0.0578125 0.053125
0 0.9078125 0.6203125 0.0171875 0.0203125
0 0.8421875 0.6234375 0.05 0.053125
0 0.5703125 0.6421875 0.0171875 0.0171875