0 0.4875 0.8046875 0.053125 0.059375
0 0.55 0.8234375 0.0421875 0.0203125
0 0.49375 0.8390625 0.05 0.028125
0 0.5375 0.7953125 0.05625 0.059375
0 0.590625 0.7984375 0.053125 0.0578125
0 0.5359375 0.4078125 0.071875 0.0703125
0 0.465625 0.4234375 0.0765625 0.06875
0 0.478125 0.4734375 0.0578125 0.040625
0 0.3515625 0.6953125 0.025 0.0140625
0 0.334375 0.709375 0.009375 0.009375
0 0.290625 0.715625 0.0015625 0.0078125
0 0.321875 0.696875 0.0109375 0.009375
0 0.3375 0.6890625 0.015625 0.01875
0 0.9 0.9328125 0.0921875 0.0859375
0 0.6453125 0.096875 0.09375 0.1015625
0 0.2640625 0.35625 0.046875 0.0484375
0 0.1953125 0.3234375 0.05 0.05
0 0.1625 0.8359375 0.0078125 0.0328125
0 0.115625 0.8625 0.0328125 0.04375
0 0.478125 0.5546875 0.025 0.021875
0 0.4890625 0.5734375 0.0234375 0.0171875
0 0.2 0.5734375 0.0265625 0.025
0 0.228125 0.6421875 0.0015625 0.003125
0 0.2359375 0.671875 0.0234375 0.01875
0 0.240625 0.6546875 0.003125 0.00625
0 0.59375 0.6171875 0.0140625 0.025