0 0.8203125 0.4765625 0.0609375 0.05625
0 0.8328125 0.5046875 0.05 0.0375
0 0.7796875 0.509375 0.0515625 0.0515625
0 0.875 0.4703125 0.0578125 0.053125
0 0.88125 0.4953125 0.0453125 0.03125
0 0.65 0.2 0.046875 0.0484375
0 0.5578125 0.1703125 0.1109375 0.10625
0 0.16875 0.49375 0.003125 0.003125
0 0.1734375 0.4484375 0.0109375 0.00625
0 0.44375 0.4671875 0.034375 0.0578125
0 0.4140625 0.4484375 0.065625 0.065625
0 0.4828125 0.4671875 0.0734375 0.0734375
0 0.3171875 0.378125 0.025 0.01875
0 0.0875 0.3640625 0.0015625 0.0078125