0 0.65625 0.46875 0.040625 0.0390625
0 0.7125 0.4671875 0.04375 0.0359375
0 0.6859375 0.490625 0.0421875 0.0421875
0 0.6734375 0.446875 0.046875 0.0453125
0 0.7234375 0.4453125 0.046875 0.0453125
0 0.490625 0.1453125 0.05 0.053125
0 0.4453125 0.171875 0.0484375 0.0515625
0 0.48125 0.1984375 0.0453125 0.0515625
0 0.2125 0.3328125 0.028125 0.0265625
0 0.1890625 0.3171875 0.03125 0.028125
0 0.70625 0.246875 0.0125 0.0171875
0 0.31875 0.49375 0.034375 0.0359375
0 0.8296875 0.5171875 0.0140625 0.0109375
0 0.8125 0.525 0.0203125 0.015625
0 0.7921875 0.540625 0.0203125 0.01875
0 0.7921875 0.515625 0.021875 0.0234375
0 0.8140625 0.5015625 0.0234375 0.021875
0 0.1578125 0.5359375 0.0078125 0.0140625
0 0.1515625 0.534375 0.0015625 0.0046875
0 0.1390625 0.525 0.0328125 0.0234375
0 0.2875 0.403125 0.0234375 0.0109375
0 0.2609375 0.3921875 0.021875 0.028125
0 0.003125 0.6171875 0.00625 0.0171875
0 0.4875 0.465625 0.0734375 0.0734375
0 0.646875 0.3828125 0.06875 0.0671875
0 0.9921875 0.0515625 0.0109375 0.0578125
0 0.5234375 0.2125 0.0328125 0.0359375
0 0.459375 0.2109375 0.0203125 0.025
0 0.5171875 0.5546875 0.0296875 0.034375
0 0.48125 0.5484375 0.0296875 0.009375
0 0.484375 0.5578125 0.034375 0.0296875
0 0.928125 0.3515625 0.0296875 0.0234375
0 0.9515625 0.36875 0.0265625 0.025
0 0.73125 0.4921875 0.0203125 0.0125
0 0.7109375 0.5 0.0109375 0.0078125