0 0.409375 0.5234375 0.01875 0.04375
0 0.3921875 0.4921875 0.0046875 0.009375
0 0.421875 0.50625 0.0390625 0.04375
0 0.259375 0.1171875 0.0625 0.0640625
0 0.1953125 0.13125 0.0640625 0.065625
0 0.2296875 0.1765625 0.0609375 0.0609375
0 0.3890625 0.290625 0.028125 0.0375
0 0.3578125 0.5515625 0.09375 0.0796875
0 0.490625 0.4625 0.075 0.0734375
0 0.865625 0.234375 0.071875 0.071875
0 0.184375 0.184375 0.040625 0.0421875
0 0.115625 0.1546875 0.04375 0.04375
0 0.1140625 0.5828125 0.034375 0.034375
0 0.0609375 0.5703125 0.0375 0.028125
0 0.0734375 0.5828125 0.046875 0.0421875
0 0.2578125 0.5125 0.015625 0.021875
0 0.6109375 0.4734375 0.0234375 0.025