0 0.5265625 0.571875 0.0203125 0.0265625
0 0.5515625 0.5734375 0.0078125 0.003125
0 0.5265625 0.5828125 0.003125 0.009375
0 0.5171875 0.478125 0.0734375 0.0734375
0 0.6046875 0.496875 0.0734375 0.0765625
0 0.025 0.38125 0.0515625 0.0625
0 0.059375 0.403125 0.040625 0.04375
0 0.4171875 0.54375 0.028125 0.0203125
0 0.5734375 0.7109375 0.0296875 0.0390625
0 0.5296875 0.71875 0.0078125 0.009375
0 0.490625 0.7234375 0.046875 0.05625
0 0.50625 0.3921875 0.0078125 0.0234375
0 0.1046875 0.1578125 0.0578125 0.0515625
0 0.0015625 0.3125 0.003125 0.00625