0 0.234375 0.6078125 0.01875 0.025
0 0.378125 0.4515625 0.003125 0.00625
0 0.3921875 0.4625 0.021875 0.01875
0 0.375 0.475 0.028125 0.021875
0 0.084375 0.08125 0.0578125 0.05625
0 0.1453125 0.0796875 0.05625 0.0578125
0 0.4140625 0.4328125 0.075 0.0765625
0 0.4859375 0.465625 0.0734375 0.0765625
0 0.1875 0.525 0.04375 0.034375
0 0.084375 0.4453125 0.065625 0.053125
0 0.0484375 0.4078125 0.065625 0.0609375
0 0.1125 0.40625 0.065625 0.0640625
0 0.0796875 0.3078125 0.0484375 0.0484375
0 0.1 0.265625 0.05 0.0484375
0 0.0 0.4265625 0.0015625 0.0296875
0 0.484375 0.6984375 0.0265625 0.028125
0 0.425 0.65625 0.021875 0.0265625
0 0.490625 0.4 0.0265625 0.0265625
0 0.4109375 0.5859375 0.021875 0.0203125
0 0.1578125 0.303125 0.03125 0.034375
0 0.184375 0.2796875 0.0328125 0.0359375
0 0.028125 0.596875 0.015625 0.0296875
0 0.0625 0.6109375 0.0140625 0.034375
0 0.90625 0.2390625 0.0921875 0.090625
0 0.6046875 0.0625 0.071875 0.065625