0 0.3 0.9796875 0.05625 0.0375
0 0.265625 0.9921875 0.059375 0.0125
0 0.2296875 0.975 0.053125 0.0453125
0 0.190625 0.9890625 0.071875 0.01875
0 0.0265625 0.6265625 0.0171875 0.0203125
0 0.0859375 0.671875 0.0203125 0.0453125
0 0.6125 0.609375 0.01875 0.0296875
0 0.5796875 0.6046875 0.00625 0.028125
0 0.515625 0.46875 0.0671875 0.0421875
0 0.4703125 0.8640625 0.009375 0.0171875
0 0.4546875 0.8890625 0.021875 0.0140625
0 0.4921875 0.875 0.0421875 0.0453125
0 0.4109375 0.65 0.0171875 0.0265625
0 0.5953125 0.8546875 0.034375 0.034375
0 0.615625 0.8375 0.03125 0.021875
0 0.5828125 0.8390625 0.03125 0.0328125
0 0.6078125 0.7046875 0.0375 0.0359375
0 0.5953125 0.6875 0.0359375 0.0328125
0 0.6359375 0.90625 0.0125 0.021875
0 0.475 0.4765625 0.0078125 0.0390625
0 0.6421875 0.978125 0.0578125 0.0390625
0 0.65 0.9640625 0.053125 0.046875
0 0.5953125 0.9796875 0.0421875 0.0359375
0 0.38125 0.815625 0.0234375 0.025