0 0.5828125 0.5046875 0.0703125 0.05
0 0.58125 0.4453125 0.078125 0.078125
0 0.6421875 0.46875 0.0765625 0.0796875
0 0.5171875 0.475 0.0734375 0.0421875
0 0.5 0.434375 0.0828125 0.084375
0 0.271875 0.21875 0.1015625 0.103125
0 0.290625 0.5203125 0.003125 0.0125
0 0.3484375 0.1625 0.1078125 0.115625
0 0.228125 0.1265625 0.121875 0.11875
0 0.4578125 0.578125 0.10625 0.1078125
0 0.2390625 0.73125 0.0453125 0.0546875
0 0.5609375 0.1515625 0.078125 0.0828125
0 0.9796875 0.6140625 0.0359375 0.05
0 0.1203125 0.3046875 0.175 0.1734375
0 0.50625 0.2796875 0.0328125 0.05
0 0.7390625 0.4828125 0.03125 0.015625
0 0.484375 0.3265625 0.003125 0.0015625