0 0.49375 0.51875 0.0640625 0.0390625
0 0.425 0.4734375 0.071875 0.071875
0 0.4953125 0.478125 0.0703125 0.0734375
0 0.4328125 0.5140625 0.059375 0.0421875
0 0.36875 0.4796875 0.0625 0.0703125
0 0.1265625 0.396875 0.0703125 0.0609375
0 0.5484375 0.5625 0.00625 0.015625
0 0.715625 0.5921875 0.053125 0.0546875
0 0.66875 0.5859375 0.0484375 0.05
0 0.1125 0.3515625 0.0765625 0.0734375
0 0.0515625 0.3609375 0.0734375 0.0703125
0 0.19375 0.61875 0.0796875 0.078125
0 0.30625 0.734375 0.00625 0.0015625
0 0.1703125 0.7796875 0.009375 0.01875
0 0.3859375 0.2265625 0.065625 0.0671875
0 0.54375 0.4125 0.015625 0.0171875
0 0.6375 0.271875 0.0296875 0.025
0 0.9625 0.425 0.0625 0.0578125
0 0.640625 0.3421875 0.0015625 0.0109375