0 0.0140625 0.8 0.0203125 0.028125
0 0.0375 0.7921875 0.0328125 0.0328125
0 0.2234375 0.621875 0.028125 0.015625
0 0.2296875 0.63125 0.03125 0.0328125
0 0.2046875 0.6453125 0.0328125 0.028125
0 0.2546875 0.90625 0.0859375 0.09375
0 0.334375 0.9328125 0.08125 0.09375
0 0.00625 0.7859375 0.0125 0.0421875
0 0.3375 0.421875 0.059375 0.0578125
0 0.3140625 0.8765625 0.028125 0.03125
0 0.25 0.825 0.028125 0.0296875
0 0.3359375 0.559375 0.0078125 0.0109375
0 0.2359375 0.7234375 0.0203125 0.0234375
0 0.009375 0.45625 0.01875 0.0359375
0 0.7828125 0.76875 0.0859375 0.0890625
0 0.478125 0.4703125 0.0765625 0.071875