0 0.3390625 0.5484375 0.025 0.00625
0 0.28125 0.55 0.0109375 0.0265625
0 0.3015625 0.546875 0.0453125 0.0265625
0 0.7015625 0.6625 0.003125 0.0015625
0 0.2578125 0.5375 0.034375 0.034375
0 0.6890625 0.534375 0.01875 0.0296875
0 0.6625 0.540625 0.03125 0.03125
0 0.5890625 0.578125 0.0390625 0.0390625
0 0.60625 0.5578125 0.0015625 0.003125
0 0.225 0.525 0.0359375 0.0359375
0 0.228125 0.54375 0.0265625 0.0125
0 0.2296875 0.653125 0.0375 0.0390625
0 0.4125 0.7109375 0.0296875 0.025
0 0.5296875 0.7328125 0.003125 0.009375
0 0.9765625 0.64375 0.0421875 0.084375
0 0.1921875 0.5265625 0.025 0.0171875
0 0.1765625 0.50625 0.028125 0.0265625
0 0.1921875 0.503125 0.0109375 0.0125
0 0.4109375 0.503125 0.0046875 0.0046875
0 0.2875 0.415625 0.0390625 0.0390625
0 0.4171875 0.4171875 0.075 0.0734375
0 0.4859375 0.4734375 0.071875 0.075
0 0.1578125 0.6296875 0.0359375 0.034375
0 0.68125 0.41875 0.0078125 0.0078125
0 0.5234375 0.34375 0.0390625 0.0390625
0 0.6140625 0.3953125 0.0546875 0.0546875
0 0.5515625 0.384375 0.0375 0.0390625