0 0.5109375 0.51875 0.05625 0.046875
0 0.4984375 0.490625 0.06875 0.06875
0 0.5625 0.5234375 0.0671875 0.071875
0 0.440625 0.5125 0.0421875 0.025
0 0.4390625 0.48125 0.059375 0.059375
0 0.2390625 0.278125 0.053125 0.05
0 0.253125 0.315625 0.0390625 0.05
0 0.2765625 0.3203125 0.0546875 0.0515625
0 0.7 0.3890625 0.028125 0.015625
0 0.6671875 0.3875 0.021875 0.0078125
0 0.703125 0.0375 0.065625 0.0734375
0 0.5609375 0.675 0.003125 0.0046875
0 0.525 0.68125 0.009375 0.0203125
0 0.6015625 0.58125 0.01875 0.040625
0 0.5 0.446875 0.00625 0.0046875
0 0.6796875 0.6140625 0.0234375 0.01875
0 0.7015625 0.6140625 0.015625 0.025
0 0.665625 0.6078125 0.0140625 0.01875
0 0.703125 0.45625 0.03125 0.03125
0 0.6875 0.44375 0.0234375 0.01875
0 0.6984375 0.7109375 0.021875 0.0234375
0 0.003125 0.5734375 0.00625 0.0375
0 0.103125 0.2046875 0.040625 0.028125
0 0.6453125 0.146875 0.0453125 0.0515625
0 0.6140625 0.184375 0.0421875 0.046875
0 0.78125 0.6046875 0.053125 0.05
0 0.7875 0.6234375 0.03125 0.009375
0 0.7328125 0.6203125 0.0421875 0.05
0 0.45625 0.6421875 0.021875 0.0203125
0 0.5 0.540625 0.0109375 0.0046875