0 0.4984375 0.478125 0.071875 0.046875
0 0.4203125 0.4265625 0.0796875 0.08125
0 0.5 0.43125 0.078125 0.08125
0 0.4296875 0.4734375 0.0671875 0.05
0 0.359375 0.4359375 0.06875 0.078125
0 0.0921875 0.34375 0.078125 0.06875
0 0.5546875 0.534375 0.003125 0.009375
0 0.7359375 0.5671875 0.0578125 0.0578125
0 0.684375 0.5625 0.0515625 0.053125
0 0.0734375 0.290625 0.0859375 0.0828125
0 0.0234375 0.303125 0.0484375 0.0796875
0 0.1625 0.584375 0.090625 0.0875
0 0.14375 0.771875 0.0125 0.025
0 0.378125 0.15625 0.0734375 0.0765625
0 0.5484375 0.3796875 0.0140625 0.0140625
0 0.65 0.215625 0.0234375 0.0125
0 0.984375 0.3828125 0.0265625 0.0625