0 0.4140625 0.396875 0.003125 0.0046875
0 0.440625 0.128125 0.009375 0.025
0 0.5 0.7609375 0.00625 0.003125
0 0.5015625 0.75625 0.00625 0.0078125
0 0.4609375 0.84375 0.0015625 0.0015625
0 0.490625 0.7671875 0.00625 0.0078125
0 0.5359375 0.175 0.059375 0.034375
0 0.546875 0.065625 0.0078125 0.003125
0 0.503125 0.4484375 0.0484375 0.0484375
0 0.084375 0.540625 0.0125 0.025
0 0.4125 0.1890625 0.009375 0.0125
0 0.71875 0.28125 0.0953125 0.1
0 0.5 0.825 0.00625 0.0046875
0 0.4921875 0.8203125 0.00625 0.00625
0 0.5203125 0.78125 0.0078125 0.00625
0 0.7296875 0.80625 0.0078125 0.0078125
0 0.578125 0.7796875 0.003125 0.0015625