0 0.7234375 0.478125 0.003125 0.00625
0 0.725 0.46875 0.0015625 0.003125
0 0.98125 0.2484375 0.034375 0.065625
0 0.95625 0.215625 0.0703125 0.065625
0 0.940625 0.2890625 0.0671875 0.0625
0 0.1828125 0.2921875 0.0453125 0.0671875
0 0.1265625 0.2765625 0.078125 0.075
0 0.846875 0.3515625 0.0265625 0.0296875
0 0.3171875 0.3921875 0.0171875 0.00625
0 0.5640625 0.325 0.0546875 0.05625
0 0.840625 0.521875 0.0265625 0.0328125
0 0.6703125 0.5625 0.0421875 0.021875
0 0.5265625 0.4796875 0.075 0.075
0 0.5859375 0.509375 0.06875 0.06875
0 0.51875 0.5140625 0.065625 0.053125
0 0.28125 0.65625 0.0125 0.0140625
0 0.2953125 0.653125 0.015625 0.0125
0 0.3328125 0.634375 0.021875 0.00625
0 0.7578125 0.059375 0.059375 0.05
0 0.121875 0.596875 0.00625 0.0140625