0 0.7 0.190625 0.0484375 0.0453125
0 0.7125 0.153125 0.046875 0.05
0 0.48125 0.4671875 0.0203125 0.0625
0 0.5171875 0.478125 0.075 0.0765625
0 0.9734375 0.578125 0.015625 0.0125
0 0.9609375 0.5859375 0.0265625 0.025
0 0.9765625 0.5640625 0.0265625 0.021875
0 0.9921875 0.5484375 0.0109375 0.015625
0 0.71875 0.5 0.0515625 0.0515625
0 0.6703125 0.4921875 0.04375 0.0359375
0 0.6828125 0.471875 0.053125 0.0546875
0 0.85625 0.3359375 0.046875 0.046875
0 0.815625 0.303125 0.05 0.046875
0 0.284375 0.615625 0.0578125 0.059375
0 0.1625 0.0921875 0.128125 0.13125
0 0.45625 0.0109375 0.0703125 0.021875
0 0.828125 0.4640625 0.0265625 0.021875
0 0.8609375 0.521875 0.025 0.01875
0 0.925 0.5375 0.028125 0.0203125
0 0.9296875 0.5203125 0.0265625 0.0265625