0 0.59375 0.640625 0.003125 0.0015625
0 0.5765625 0.65 0.00625 0.00625
0 0.46875 0.8671875 0.1453125 0.1359375
0 0.284375 0.8984375 0.1671875 0.1671875
0 0.4359375 0.9359375 0.175 0.125
0 0.396875 0.853125 0.05625 0.09375
0 0.184375 0.8625 0.096875 0.1515625
0 0.471875 0.4234375 0.05625 0.06875
0 0.5359375 0.4515625 0.0625 0.06875
0 0.5109375 0.465625 0.0734375 0.075
0 0.496875 0.6640625 0.00625 0.0078125
0 0.5359375 0.6765625 0.00625 0.0015625
0 0.6328125 0.6625 0.009375 0.0046875
0 0.6421875 0.665625 0.00625 0.009375
0 0.64375 0.6703125 0.00625 0.003125
0 0.625 0.6640625 0.00625 0.00625
0 0.46875 0.625 0.00625 0.0046875
0 0.5078125 0.6109375 0.003125 0.0078125
0 0.553125 0.6359375 0.0078125 0.009375
0 0.5609375 0.6421875 0.0078125 0.009375
0 0.471875 0.6578125 0.0078125 0.0078125
0 0.5609375 0.5984375 0.003125 0.00625
0 0.58125 0.621875 0.00625 0.009375
0 0.5671875 0.60625 0.003125 0.0046875
0 0.68125 0.65 0.00625 0.003125
0 0.1484375 0.909375 0.0609375 0.071875
0 0.425 0.3625 0.05 0.05