0 0.825 0.4875 0.0359375 0.0328125
0 0.81875 0.503125 0.01875 0.00625
0 0.8046875 0.5 0.0078125 0.0109375
0 0.8578125 0.484375 0.03125 0.0328125
0 0.859375 0.4984375 0.0265625 0.0109375
0 0.890625 0.453125 0.0390625 0.01875
0 0.9421875 0.4265625 0.0421875 0.046875
0 0.8796875 0.4625 0.021875 0.0140625
0 0.8609375 0.58125 0.0328125 0.025
0 0.4453125 0.4734375 0.0390625 0.06875
0 0.4125 0.4640625 0.0671875 0.071875
0 0.4828125 0.4703125 0.0734375 0.075
0 0.5296875 0.475 0.05625 0.06875
0 0.5046875 0.50625 0.0046875 0.003125
0 0.9046875 0.565625 0.0046875 0.0078125
0 0.878125 0.2265625 0.0234375 0.0421875
0 0.6859375 0.3203125 0.0453125 0.0359375
0 0.9125 0.2453125 0.0453125 0.04375
0 0.690625 0.115625 0.1109375 0.1171875
0 0.70625 0.1828125 0.096875 0.0859375