0 0.375 0.6828125 0.01875 0.0265625
0 0.353125 0.6765625 0.0234375 0.00625
0 0.034375 0.659375 0.046875 0.0390625
0 0.3140625 0.8875 0.021875 0.025
0 0.29375 0.89375 0.0203125 0.0234375
0 0.2109375 0.896875 0.0296875 0.034375
0 0.25625 0.7125 0.021875 0.021875
0 0.7734375 0.8796875 0.071875 0.0734375
0 0.7828125 0.9078125 0.065625 0.0515625
0 0.7828125 0.9359375 0.0625 0.046875
0 0.725 0.8828125 0.0484375 0.0609375
0 0.7109375 0.8515625 0.0640625 0.065625
0 0.35625 0.878125 0.028125 0.0265625
0 0.378125 0.8703125 0.021875 0.025
0 0.3546875 0.8609375 0.0234375 0.0171875
0 0.33125 0.765625 0.028125 0.0296875
0 0.3375 0.7484375 0.028125 0.0234375
0 0.4390625 0.925 0.003125 0.0046875
0 0.15625 0.6109375 0.0328125 0.0328125
0 0.1734375 0.6125 0.01875 0.0328125
0 0.2234375 0.978125 0.040625 0.0328125
0 0.2546875 0.96875 0.028125 0.040625
0 0.2046875 0.975 0.01875 0.0265625
0 0.2640625 0.8375 0.0125 0.0171875
0 0.284375 0.7546875 0.0203125 0.0203125
0 0.51875 0.484375 0.0671875 0.071875
0 0.55 0.503125 0.078125 0.0828125
0 0.9125 0.60625 0.04375 0.04375
0 0.909375 0.7453125 0.0515625 0.0484375
0 0.6734375 0.8234375 0.0484375 0.04375
0 0.628125 0.803125 0.0390625 0.0453125
0 0.2296875 0.6296875 0.109375 0.1140625