0 0.4515625 0.80625 0.028125 0.0328125
0 0.434375 0.79375 0.0109375 0.0015625
0 0.409375 0.84375 0.0046875 0.0046875
0 0.48125 0.803125 0.028125 0.034375
0 0.4515625 0.7890625 0.0015625 0.0015625
0 0.684375 0.615625 0.034375 0.021875
0 0.665625 0.628125 0.0046875 0.00625
0 0.5484375 0.228125 0.08125 0.08125
0 0.63125 0.2234375 0.08125 0.084375
0 0.334375 0.553125 0.03125 0.034375
0 0.553125 0.803125 0.046875 0.0609375
0 0.640625 0.8640625 0.09375 0.0625
0 0.6171875 0.8203125 0.1015625 0.109375
0 0.71875 0.8109375 0.10625 0.10625
0 0.4671875 0.53125 0.06875 0.0671875
0 0.5140625 0.4828125 0.071875 0.071875
0 0.7875 0.89375 0.0078125 0.009375
0 0.6875 0.85625 0.0015625 0.0015625
0 0.7765625 0.5328125 0.0328125 0.0328125
0 0.625 0.7234375 0.025 0.025
0 0.4109375 0.4375 0.034375 0.0421875
0 0.459375 0.415625 0.0421875 0.04375
0 0.2921875 0.878125 0.01875 0.034375
0 0.3109375 0.8671875 0.05 0.0578125
0 0.35625 0.878125 0.046875 0.04375