0 0.95 0.4609375 0.04375 0.0390625
0 0.95 0.4796875 0.03125 0.00625
0 0.91875 0.4640625 0.028125 0.0390625
0 0.984375 0.4546875 0.0265625 0.040625
0 0.9921875 0.4765625 0.0109375 0.003125
0 0.990625 0.3953125 0.0140625 0.046875
0 0.9921875 0.56875 0.0109375 0.0203125
0 0.4125 0.4859375 0.0453125 0.0265625
0 0.3609375 0.4484375 0.0796875 0.0859375
0 0.4390625 0.4515625 0.0875 0.0890625
0 0.50625 0.4578125 0.0625 0.08125
0 0.4640625 0.490625 0.00625 0.0015625
0 0.5421875 0.4375 0.025 0.021875
0 0.9796875 0.146875 0.0375 0.0515625
0 0.746875 0.2671875 0.0515625 0.053125
0 0.5578125 0.015625 0.1125 0.0328125
0 0.615625 0.05625 0.1296875 0.1125