0 0.996875 0.3375 0.003125 0.0265625
0 0.9921875 0.3953125 0.0109375 0.05
0 0.9078125 0.028125 0.053125 0.0484375
0 0.1875 0.2390625 0.0984375 0.0953125
0 0.66875 0.503125 0.0328125 0.0234375
0 0.65 0.5109375 0.0125 0.01875
0 0.6125 0.525 0.025 0.0328125
0 0.6296875 0.4984375 0.03125 0.03125
0 0.665625 0.484375 0.0171875 0.0265625
0 0.0234375 0.046875 0.046875 0.0734375
0 0.534375 0.475 0.040625 0.0640625
0 0.4375 0.4703125 0.0421875 0.0515625
0 0.4890625 0.4703125 0.06875 0.06875
0 0.8125 0.325 0.0328125 0.03125
0 0.8265625 0.3484375 0.03125 0.0296875
0 0.55 0.453125 0.0125 0.0234375
0 0.5328125 0.4328125 0.0359375 0.03125
0 0.9703125 0.3890625 0.0328125 0.028125