0 0.4484375 0.4703125 0.05 0.0546875
0 0.4234375 0.4421875 0.0734375 0.071875
0 0.4984375 0.475 0.06875 0.075
0 0.3796875 0.446875 0.04375 0.06875
0 0.359375 0.43125 0.0671875 0.06875
0 0.2203125 0.25625 0.0515625 0.05
0 0.25625 0.26875 0.0125 0.003125
0 0.26875 0.2796875 0.03125 0.0203125
0 0.746875 0.3609375 0.0328125 0.034375
0 0.7140625 0.3640625 0.03125 0.028125
0 0.63125 0.5515625 0.021875 0.04375
0 0.546875 0.4390625 0.0140625 0.025
0 0.771875 0.590625 0.003125 0.003125
0 0.7109375 0.59375 0.003125 0.003125
0 0.74375 0.4203125 0.0375 0.034375
0 0.7296875 0.4171875 0.0328125 0.0359375
0 0.775 0.69375 0.0265625 0.025
0 0.1 0.190625 0.0484375 0.0484375
0 0.634375 0.0921875 0.0484375 0.05625
0 0.6140625 0.1359375 0.0453125 0.0515625
0 0.7859375 0.5625 0.0578125 0.0546875
0 0.8078125 0.575 0.0234375 0.0375
0 0.74375 0.58125 0.053125 0.0515625
0 0.5265625 0.628125 0.01875 0.01875