0 0.359375 0.8359375 0.0546875 0.059375
0 0.3921875 0.8453125 0.0171875 0.034375
0 0.3453125 0.8609375 0.05 0.046875
0 0.39375 0.825 0.0078125 0.0390625
0 0.46875 0.846875 0.0046875 0.009375
0 0.5734375 0.46875 0.0578125 0.0703125
0 0.53125 0.4640625 0.065625 0.046875
0 0.515625 0.534375 0.06875 0.046875
0 0.30625 0.4984375 0.04375 0.04375
0 0.009375 0.7 0.0140625 0.015625
0 0.00625 0.690625 0.0140625 0.0265625
0 0.8359375 0.9328125 0.071875 0.0765625
0 0.78125 0.2375 0.0796875 0.0828125
0 0.95 0.6921875 0.0578125 0.0546875
0 0.13125 0.33125 0.05625 0.0546875
0 0.078125 0.28125 0.0609375 0.0609375
0 0.1703125 0.553125 0.028125 0.0265625
0 0.178125 0.5734375 0.0265625 0.025
0 0.284375 0.628125 0.0265625 0.0234375