0 0.2546875 0.659375 0.0125 0.0171875
0 0.5171875 0.48125 0.025 0.025
0 0.496875 0.5015625 0.0109375 0.015625
0 0.421875 0.03125 0.0640625 0.0625
0 0.4875 0.028125 0.065625 0.0578125
0 0.1953125 0.409375 0.03125 0.03125
0 0.4015625 0.565625 0.0484375 0.04375
0 0.8796875 0.1171875 0.06875 0.0671875
0 0.475 0.48125 0.06875 0.0640625
0 0.459375 0.434375 0.0765625 0.0765625
0 0.534375 0.4375 0.0765625 0.078125
0 0.3390625 0.3 0.05625 0.059375
0 0.38125 0.25 0.0578125 0.0609375
0 0.9640625 0.475 0.06875 0.0921875
0 0.5046875 0.69375 0.025 0.028125
0 0.596875 0.4203125 0.028125 0.028125
0 0.4640625 0.609375 0.0078125 0.009375
0 0.2796875 0.2890625 0.0375 0.0390625
0 0.3296875 0.2625 0.028125 0.0328125
0 0.15 0.6453125 0.0078125 0.0109375
0 0.1734375 0.628125 0.040625 0.0421875
0 0.215625 0.6515625 0.04375 0.040625