0 0.5640625 0.8125 0.009375 0.021875
0 0.5609375 0.8 0.003125 0.0015625
0 0.5859375 0.821875 0.03125 0.0328125
0 0.63125 0.8015625 0.009375 0.0375
0 0.7703125 0.759375 0.009375 0.0078125
0 0.44375 0.7546875 0.0734375 0.078125
0 0.490625 0.765625 0.059375 0.075
0 0.328125 0.86875 0.046875 0.0609375
0 0.965625 0.8546875 0.065625 0.0546875
0 0.3625 0.8578125 0.0515625 0.0609375
0 0.80625 0.7375 0.003125 0.0015625
0 0.715625 0.8828125 0.0078125 0.0046875
0 0.71875 0.990625 0.0109375 0.0109375
0 0.10625 0.84375 0.021875 0.03125
0 0.5078125 0.465625 0.065625 0.0625
0 0.4296875 0.5921875 0.009375 0.00625