0 0.7609375 0.3765625 0.0671875 0.046875
0 0.696875 0.3328125 0.0703125 0.0703125
0 0.7703125 0.33125 0.071875 0.0703125
0 0.696875 0.378125 0.0609375 0.05
0 0.6390625 0.346875 0.0625 0.0671875
0 0.1890625 0.4640625 0.046875 0.0171875
0 0.2234375 0.4546875 0.021875 0.0078125
0 0.23125 0.4796875 0.034375 0.046875
0 0.53125 0.6015625 0.0171875 0.0203125
0 0.40625 0.2859375 0.0625 0.0546875
0 0.7953125 0.4578125 0.0109375 0.0109375
0 0.7796875 0.465625 0.0203125 0.0140625
0 0.965625 0.4734375 0.059375 0.053125
0 0.9125 0.4734375 0.0515625 0.05
0 0.4 0.2359375 0.0671875 0.0703125
0 0.3421875 0.2515625 0.0640625 0.0671875
0 0.4953125 0.46875 0.071875 0.0734375
0 0.578125 0.6109375 0.046875 0.0390625
0 0.390625 0.6859375 0.0078125 0.015625
0 0.0984375 0.221875 0.0609375 0.0609375
0 0.1 0.1609375 0.06875 0.0640625
0 0.059375 0.1703125 0.053125 0.0625
0 0.3375 0.325 0.0265625 0.040625
0 0.6421875 0.1046875 0.0640625 0.0671875
0 0.196875 0.3890625 0.0765625 0.0765625
0 0.8359375 0.1671875 0.0046875 0.0125
0 0.85625 0.2421875 0.01875 0.0328125