0 0.8125 0.846875 0.0453125 0.06875
0 0.90625 0.8578125 0.0515625 0.059375
0 0.865625 0.8859375 0.05625 0.0265625
0 0.853125 0.840625 0.0734375 0.071875
0 0.9328125 0.846875 0.0734375 0.0765625
0 0.571875 0.4328125 0.0796875 0.0765625
0 0.5046875 0.46875 0.0734375 0.0734375
0 0.559375 0.50625 0.0734375 0.075
0 0.2203125 0.5234375 0.034375 0.0359375
0 0.190625 0.5109375 0.040625 0.0375
0 0.8796875 0.4625 0.0515625 0.0453125
0 0.3453125 0.8 0.04375 0.04375
0 0.996875 0.7140625 0.0015625 0.0015625
0 0.98125 0.725 0.0078125 0.0078125
0 0.940625 0.7296875 0.0296875 0.0140625
0 0.946875 0.721875 0.0078125 0.003125
0 0.178125 0.784375 0.0078125 0.0203125
0 0.1671875 0.7703125 0.0296875 0.0125
0 0.1328125 0.7765625 0.04375 0.0359375
0 0.3140625 0.628125 0.0390625 0.0390625
0 0.275 0.609375 0.0375 0.0375
0 0.4046875 0.128125 0.0921875 0.103125
0 0.609375 0.403125 0.04375 0.04375
0 0.5328125 0.39375 0.0453125 0.0453125
0 0.6078125 0.859375 0.04375 0.046875
0 0.565625 0.8390625 0.0359375 0.0203125
0 0.5671875 0.8671875 0.040625 0.0375
0 0.828125 0.5859375 0.01875 0.021875
0 0.8703125 0.65 0.003125 0.0109375