0 0.8171875 0.278125 0.034375 0.0625
0 0.8234375 0.2078125 0.059375 0.0734375
0 0.8625 0.2421875 0.0765625 0.078125
0 0.7125 0.26875 0.0078125 0.009375
0 0.7296875 0.1875 0.046875 0.0671875
0 0.690625 0.44375 0.05 0.025
0 0.6484375 0.446875 0.0203125 0.0125
0 0.7734375 0.2578125 0.1015625 0.10625
0 0.4859375 0.4640625 0.0484375 0.05
0 0.0203125 0.5453125 0.0421875 0.065625
0 0.9515625 0.6234375 0.0265625 0.034375
0 0.9421875 0.640625 0.03125 0.0140625
0 0.8984375 0.6265625 0.0203125 0.03125
0 0.9359375 0.61875 0.0375 0.034375