0 0.5390625 0.721875 0.028125 0.01875
0 0.565625 0.696875 0.0390625 0.04375
0 0.5859375 0.70625 0.028125 0.0453125
0 0.5234375 0.721875 0.0171875 0.0046875
0 0.5390625 0.6890625 0.0296875 0.0421875
0 0.1 0.64375 0.078125 0.078125
0 0.034375 0.6328125 0.06875 0.06875
0 0.103125 0.69375 0.0765625 0.0609375
0 0.509375 0.6125 0.053125 0.046875
0 0.2171875 0.6671875 0.0109375 0.00625
0 0.05625 0.69375 0.01875 0.0359375
0 0.378125 0.725 0.0078125 0.0046875
0 0.565625 0.596875 0.0484375 0.0546875
0 0.5296875 0.5875 0.0546875 0.0546875
0 0.58125 0.8125 0.05 0.04375
0 0.3265625 0.8609375 0.009375 0.0203125
0 0.5203125 0.8265625 0.0015625 0.0015625
0 0.48125 0.4734375 0.071875 0.0734375
0 0.5421875 0.4390625 0.0734375 0.071875
0 0.490625 0.4 0.0734375 0.075
0 0.084375 0.4390625 0.040625 0.0546875
0 0.5734375 0.5296875 0.034375 0.040625
0 0.6875 0.73125 0.0296875 0.0328125
0 0.6515625 0.746875 0.0109375 0.0265625
0 0.6125 0.7484375 0.065625 0.0703125
0 0.1890625 0.5265625 0.0015625 0.0015625
0 0.528125 0.653125 0.003125 0.003125
0 0.9953125 0.8796875 0.00625 0.00625