0 0.540625 0.5296875 0.05 0.04375
0 0.5625 0.53125 0.0171875 0.046875
0 0.5015625 0.5328125 0.0265625 0.0359375
0 0.5859375 0.525 0.04375 0.0515625
0 0.6046875 0.5265625 0.0171875 0.0484375
0 0.696875 0.490625 0.0171875 0.0234375
0 0.965625 0.2296875 0.065625 0.0859375
0 0.921875 0.2859375 0.0390625 0.08125
0 0.5203125 0.471875 0.071875 0.075
0 0.59375 0.4515625 0.0765625 0.0734375
0 0.6484375 0.6453125 0.0015625 0.00625
0 0.996875 0.0015625 0.003125 0.003125
0 0.18125 0.275 0.065625 0.075
0 0.6046875 0.140625 0.0015625 0.003125