0 0.646875 0.6984375 0.003125 0.0046875
0 0.6203125 0.7078125 0.009375 0.0015625
0 0.665625 0.6796875 0.015625 0.0234375
0 0.6734375 0.6859375 0.0125 0.0203125
0 0.765625 0.515625 0.01875 0.00625
0 0.7546875 0.5296875 0.0265625 0.028125
0 0.74375 0.546875 0.0296875 0.025
0 0.321875 0.378125 0.0234375 0.034375
0 0.3578125 0.3625 0.0328125 0.0359375
0 0.56875 0.525 0.021875 0.0203125
0 0.365625 0.6359375 0.0546875 0.053125
0 0.40625 0.653125 0.0546875 0.05625
0 0.5078125 0.64375 0.025 0.0265625
0 0.5078125 0.3203125 0.0421875 0.0375
0 0.2734375 0.6546875 0.015625 0.0171875
0 0.2875 0.6421875 0.01875 0.0125
0 0.3375 0.6265625 0.01875 0.0234375
0 0.2953125 0.6140625 0.0328125 0.0390625
0 0.325 0.6078125 0.0390625 0.0390625
0 0.390625 0.5109375 0.03125 0.0296875
0 0.3796875 0.484375 0.0328125 0.034375
0 0.0484375 0.7078125 0.0609375 0.05625
0 0.909375 0.753125 0.03125 0.0296875
0 0.85625 0.7109375 0.028125 0.025
0 0.8578125 0.4484375 0.0296875 0.028125
0 0.8828125 0.628125 0.025 0.0234375
0 0.5375 0.4453125 0.0234375 0.0125
0 0.5328125 0.4359375 0.009375 0.0125
0 0.4734375 0.7015625 0.00625 0.025
0 0.4578125 0.6953125 0.021875 0.01875
0 0.484375 0.703125 0.021875 0.015625
0 0.5 0.4703125 0.071875 0.071875
0 0.45 0.321875 0.053125 0.0546875
0 0.3828125 0.5625 0.0171875 0.0109375
0 0.1859375 0.5328125 0.021875 0.0203125
0 0.2015625 0.590625 0.021875 0.01875
0 0.26875 0.6140625 0.0203125 0.021875
0 0.2765625 0.6046875 0.0203125 0.0203125
0 0.446875 0.596875 0.00625 0.003125