0 0.3546875 0.9140625 0.015625 0.0390625
0 0.3390625 0.9 0.015625 0.0125
0 0.3234375 0.9296875 0.0265625 0.040625
0 0.3859375 0.9046875 0.015625 0.0375
0 0.36875 0.8875 0.01875 0.0078125
0 0.571875 0.7125 0.025 0.021875
0 0.584375 0.7234375 0.034375 0.0359375
0 0.55625 0.7421875 0.03125 0.034375
0 0.3921875 0.484375 0.0765625 0.075
0 0.4703125 0.4765625 0.0765625 0.0734375
0 0.25 0.65625 0.03125 0.0328125
0 0.4296875 0.959375 0.0546875 0.0609375
0 0.95625 0.55 0.084375 0.0796875
0 0.33125 0.7296875 0.0640625 0.0671875
0 0.3703125 0.6953125 0.06875 0.06875
0 0.6765625 0.984375 0.0265625 0.0171875
0 0.5859375 0.928125 0.0234375 0.028125
0 0.6796875 0.6359375 0.03125 0.0328125
0 0.54375 0.8015625 0.025 0.025
0 0.31875 0.5640625 0.0390625 0.0390625
0 0.3578125 0.5484375 0.0328125 0.040625
0 0.1953125 0.9875 0.034375 0.021875
0 0.2015625 0.9890625 0.0453125 0.01875