0 0.7015625 0.6765625 0.05 0.0296875
0 0.70625 0.6421875 0.0546875 0.0578125
0 0.75 0.6546875 0.0515625 0.05625
0 0.65625 0.665625 0.0515625 0.0328125
0 0.6515625 0.6375 0.0578125 0.059375
0 0.0171875 0.590625 0.0359375 0.078125
0 0.0375 0.6375 0.0765625 0.0734375
0 0.10625 0.7109375 0.03125 0.0359375
0 0.05 0.725 0.03125 0.025
0 0.5265625 0.534375 0.065625 0.046875
0 0.421875 0.6234375 0.00625 0.003125
0 0.190625 0.6703125 0.034375 0.0390625
0 0.5859375 0.503125 0.06875 0.0703125
0 0.515625 0.4921875 0.071875 0.071875
0 0.6546875 0.771875 0.06875 0.0703125
0 0.45 0.8375 0.0546875 0.0609375
0 0.025 0.840625 0.0203125 0.0078125
0 0.0328125 0.8921875 0.0484375 0.0328125
0 0.1015625 0.853125 0.015625 0.0203125
0 0.878125 0.8140625 0.0109375 0.009375
0 0.859375 0.8125 0.0234375 0.0109375
0 0.278125 0.34375 0.090625 0.090625
0 0.35 0.2875 0.090625 0.090625
0 0.2515625 0.246875 0.0984375 0.0984375
0 0.13125 0.4234375 0.0109375 0.0125
0 0.690625 0.4296875 0.05625 0.05625
0 0.984375 0.7203125 0.028125 0.040625
0 0.5296875 0.6828125 0.0890625 0.09375
0 0.621875 0.4578125 0.01875 0.0359375
0 0.784375 0.609375 0.0296875 0.025
0 0.7046875 0.759375 0.0046875 0.0125
0 0.7125 0.75625 0.0171875 0.0171875