0 0.9 0.8015625 0.028125 0.0140625
0 0.85 0.8328125 0.021875 0.0234375
0 0.9359375 0.803125 0.046875 0.028125
0 0.4359375 0.234375 0.0453125 0.08125
0 0.4734375 0.1953125 0.0578125 0.0875
0 0.7421875 0.5515625 0.025 0.025
0 0.7734375 0.809375 0.065625 0.0703125
0 0.31875 0.7203125 0.00625 0.003125
0 0.2921875 0.7171875 0.0265625 0.0265625
0 0.278125 0.7328125 0.0296875 0.028125
0 0.3015625 0.7109375 0.0296875 0.0296875
0 0.3234375 0.6921875 0.0296875 0.0234375
0 0.4515625 0.871875 0.1015625 0.0625
0 0.359375 0.8203125 0.090625 0.109375
0 0.446875 0.8171875 0.109375 0.11875
0 0.534375 0.5359375 0.065625 0.0609375
0 0.525 0.478125 0.075 0.071875
0 0.7328125 0.41875 0.04375 0.0421875
0 0.7515625 0.3859375 0.046875 0.046875
0 0.6375 0.890625 0.009375 0.00625
0 0.615625 0.86875 0.04375 0.046875
0 0.6703125 0.88125 0.0484375 0.0453125
0 0.4375 0.5734375 0.025 0.021875
0 0.4296875 0.5921875 0.0171875 0.01875
0 0.1515625 0.5578125 0.03125 0.025
0 0.1734375 0.6390625 0.0328125 0.03125
0 0.275 0.6796875 0.03125 0.034375
0 0.290625 0.6671875 0.0359375 0.0328125
0 0.5234375 0.6453125 0.0140625 0.0171875