0 0.9296875 0.465625 0.04375 0.0375
0 0.928125 0.4828125 0.03125 0.00625
0 0.9 0.4703125 0.0234375 0.0375
0 0.96875 0.459375 0.040625 0.0390625
0 0.9734375 0.475 0.0328125 0.0140625
0 0.9828125 0.403125 0.0296875 0.053125
0 0.9796875 0.5734375 0.0359375 0.021875
0 0.415625 0.4859375 0.046875 0.028125
0 0.365625 0.4484375 0.0796875 0.0859375
0 0.4453125 0.4515625 0.0875 0.0890625
0 0.509375 0.4578125 0.0671875 0.08125
0 0.5390625 0.4375 0.009375 0.015625
0 0.96875 0.1578125 0.046875 0.05
0 0.7375 0.265625 0.0515625 0.0453125
0 0.9953125 0.175 0.00625 0.0328125
0 0.5953125 0.0171875 0.115625 0.0359375
0 0.64375 0.0578125 0.1296875 0.115625