0 0.228125 0.7015625 0.0140625 0.025
0 0.0703125 0.59375 0.115625 0.1078125
0 0.0078125 0.559375 0.015625 0.065625
0 0.0296875 0.653125 0.0609375 0.1046875
0 0.2875 0.60625 0.0515625 0.034375
0 0.4046875 0.8625 0.0046875 0.003125
0 0.4125 0.8625 0.0078125 0.0078125
0 0.421875 0.8625 0.00625 0.0078125
0 0.409375 0.821875 0.00625 0.00625
0 0.325 0.8578125 0.003125 0.0015625
0 0.3375 0.6078125 0.0484375 0.0203125
0 0.3390625 0.5859375 0.0578125 0.040625
0 0.26875 0.8203125 0.00625 0.0125
0 0.003125 0.8859375 0.0078125 0.0234375
0 0.48125 0.46875 0.0703125 0.0734375
0 0.5140625 0.4515625 0.0640625 0.0578125
0 0.521875 0.4015625 0.075 0.0734375
0 0.4609375 0.7515625 0.0625 0.0609375
0 0.4296875 0.8984375 0.0015625 0.0046875
0 0.4421875 0.8796875 0.0078125 0.0078125
0 0.4171875 0.8 0.00625 0.0078125
0 0.4890625 0.8453125 0.00625 0.0078125