0 0.578125 0.528125 0.0390625 0.0375
0 0.6375 0.5265625 0.0484375 0.0359375
0 0.6171875 0.559375 0.046875 0.025
0 0.590625 0.5046875 0.0484375 0.0484375
0 0.6421875 0.503125 0.0515625 0.0484375
0 0.371875 0.1921875 0.053125 0.0546875
0 0.3296875 0.221875 0.05 0.0546875
0 0.3703125 0.25 0.05 0.053125
0 0.1703125 0.3703125 0.0296875 0.0234375
0 0.14375 0.359375 0.0328125 0.028125
0 0.671875 0.2703125 0.003125 0.015625
0 0.2515625 0.5453125 0.034375 0.0328125
0 0.834375 0.5421875 0.009375 0.0234375
0 0.8109375 0.5546875 0.025 0.0234375
0 0.7875 0.5703125 0.021875 0.01875
0 0.79375 0.5484375 0.01875 0.01875
0 0.1296875 0.5796875 0.0265625 0.025
0 0.128125 0.565625 0.0203125 0.0078125
0 0.24375 0.44375 0.03125 0.021875
0 0.2109375 0.434375 0.03125 0.0296875
0 0.284375 0.5703125 0.0828125 0.0828125
0 0.4828125 0.4671875 0.0734375 0.0734375
0 0.8734375 0.084375 0.08125 0.096875
0 0.459375 0.2421875 0.0203125 0.0296875
0 0.40625 0.240625 0.0328125 0.0375
0 0.4640625 0.603125 0.034375 0.0328125
0 0.4359375 0.5921875 0.0203125 0.0109375
0 0.4296875 0.6125 0.0328125 0.03125
0 0.9296875 0.371875 0.03125 0.0265625
0 0.953125 0.3890625 0.0296875 0.025
0 0.703125 0.459375 0.0171875 0.0171875
0 0.7359375 0.51875 0.0125 0.015625
0 0.696875 0.528125 0.025 0.0109375
0 0.675 0.5203125 0.0140625 0.0203125