0 0.28125 0.2171875 0.0109375 0.028125
0 0.2765625 0.1609375 0.0796875 0.084375
0 0.821875 0.7609375 0.084375 0.0609375
0 0.728125 0.69375 0.01875 0.0140625
0 0.7015625 0.7046875 0.0296875 0.015625
0 0.68125 0.7125 0.0296875 0.0296875
0 0.7015625 0.690625 0.03125 0.03125
0 0.725 0.675 0.0296875 0.028125
0 0.2125 0.7828125 0.0953125 0.1
0 0.1671875 0.76875 0.040625 0.0625
0 0.1296875 0.74375 0.109375 0.1015625
0 0.503125 0.471875 0.0671875 0.0734375
0 0.4359375 0.4203125 0.0703125 0.075
0 0.9703125 0.2765625 0.05625 0.0578125
0 0.94375 0.23125 0.0640625 0.0625
0 0.8328125 0.846875 0.0203125 0.0234375
0 0.915625 0.878125 0.015625 0.028125
0 0.85625 0.5328125 0.0296875 0.025
0 0.8609375 0.5515625 0.0296875 0.0234375
0 0.54375 0.553125 0.0265625 0.0265625
0 0.575 0.628125 0.0296875 0.028125
0 0.6296875 0.6609375 0.0109375 0.01875
0 0.6453125 0.64375 0.034375 0.0296875
0 0.9875 0.6 0.021875 0.0296875