0 0.8890625 0.653125 0.0203125 0.0296875
0 0.9015625 0.671875 0.00625 0.00625
0 0.8546875 0.66875 0.00625 0.0015625
0 0.9203125 0.65625 0.0140625 0.003125
0 0.534375 0.10625 0.059375 0.0640625
0 0.5890625 0.0734375 0.0640625 0.0671875
0 0.7609375 0.4265625 0.0203125 0.009375
0 0.890625 0.4328125 0.146875 0.1375
0 0.98125 0.4671875 0.034375 0.10625
0 0.7921875 0.5734375 0.0546875 0.0515625
0 0.38125 0.6078125 0.0078125 0.0109375
0 0.359375 0.60625 0.0171875 0.01875
0 0.346875 0.61875 0.021875 0.0203125
0 0.3703125 0.603125 0.0171875 0.021875
0 0.3828125 0.590625 0.0125 0.025
0 0.5765625 0.515625 0.0734375 0.028125
0 0.521875 0.4875 0.071875 0.0703125
0 0.58125 0.4703125 0.0765625 0.075
0 0.609375 0.353125 0.0515625 0.0515625
0 0.6078125 0.3015625 0.059375 0.0578125
0 0.0796875 0.6078125 0.159375 0.15625
0 0.7546875 0.3125 0.0359375 0.0328125
0 0.7703125 0.2796875 0.0390625 0.034375
0 0.6859375 0.6828125 0.0015625 0.0046875
0 0.65625 0.6578125 0.0046875 0.0125
0 0.7 0.6734375 0.0265625 0.028125
0 0.478125 0.490625 0.015625 0.021875
0 0.4765625 0.5078125 0.01875 0.0171875
0 0.234375 0.4609375 0.028125 0.028125
0 0.2546875 0.534375 0.028125 0.0265625
0 0.3484375 0.5625 0.025 0.028125
0 0.3625 0.55 0.025 0.028125
0 0.5484375 0.5625 0.0140625 0.0109375