0 0.975 0.3875 0.0453125 0.06875
0 0.990625 0.365625 0.015625 0.05
0 0.640625 0.1875 0.053125 0.0546875
0 0.6390625 0.23125 0.040625 0.0484375
0 0.6734375 0.2328125 0.0515625 0.0546875
0 0.946875 0.3453125 0.034375 0.0328125
0 0.9234375 0.3484375 0.0078125 0.0078125
0 0.7796875 0.6328125 0.028125 0.028125
0 0.7515625 0.64375 0.028125 0.028125
0 0.9359375 0.521875 0.040625 0.0421875
0 0.71875 0.4140625 0.0234375 0.025
0 0.9484375 0.5703125 0.0296875 0.0265625
0 0.9625 0.5640625 0.0234375 0.0234375
0 0.921875 0.56875 0.028125 0.03125
0 0.9515625 0.396875 0.0078125 0.0125
0 0.396875 0.609375 0.0625 0.0640625
0 0.4890625 0.471875 0.071875 0.0734375
0 0.459375 0.1125 0.0484375 0.05625
0 0.3078125 0.00625 0.065625 0.0125
0 0.9484375 0.09375 0.0015625 0.0015625
0 0.6453125 0.6078125 0.021875 0.0203125
0 0.696875 0.4921875 0.0109375 0.0078125