0 0.2328125 0.00625 0.0609375 0.0140625
0 0.5015625 0.846875 0.0078125 0.009375
0 0.515625 0.85 0.003125 0.003125
0 0.503125 0.8515625 0.0078125 0.0046875
0 0.5109375 0.8453125 0.009375 0.009375
0 0.51875 0.8453125 0.0078125 0.009375
0 0.5109375 0.7953125 0.00625 0.009375
0 0.496875 0.796875 0.0046875 0.0046875
0 0.4984375 0.7765625 0.0078125 0.009375
0 0.4109375 0.84375 0.009375 0.009375
0 0.021875 0.6296875 0.0453125 0.0421875
0 0.584375 0.4421875 0.0453125 0.0421875
0 0.4984375 0.4859375 0.0046875 0.0109375
0 0.33125 0.0859375 0.0125 0.0140625
0 0.2625 0.8734375 0.0015625 0.009375
0 0.540625 0.8828125 0.003125 0.0046875
0 0.5515625 0.8640625 0.009375 0.009375
0 0.5203125 0.7703125 0.0078125 0.009375
0 0.603125 0.8234375 0.009375 0.009375
0 0.4578125 0.7578125 0.0078125 0.0078125
0 0.446875 0.75625 0.0078125 0.0078125
0 0.440625 0.8515625 0.0046875 0.00625
0 0.428125 0.8484375 0.0015625 0.0015625
0 0.4359375 0.8546875 0.0078125 0.00625
0 0.2703125 0.853125 0.0046875 0.0015625
0 0.496875 0.7625 0.00625 0.0078125
0 0.5 0.7671875 0.0078125 0.00625