0 0.353125 0.6625 0.0015625 0.0046875
0 0.3171875 0.6734375 0.0125 0.021875
0 0.38125 0.64375 0.00625 0.0046875
0 0.54375 0.484375 0.015625 0.01875
0 0.5609375 0.4953125 0.0296875 0.0234375
0 0.5359375 0.509375 0.028125 0.03125
0 0.384375 0.0859375 0.0609375 0.065625
0 0.4515625 0.084375 0.059375 0.0671875
0 0.25625 0.4359375 0.0234375 0.0234375
0 0.95 0.53125 0.0953125 0.0921875
0 0.9921875 0.5765625 0.0125 0.0546875
0 0.41875 0.5859375 0.0453125 0.0484375
0 0.8453125 0.13125 0.06875 0.0671875
0 0.425 0.5171875 0.0734375 0.0609375
0 0.403125 0.4765625 0.0703125 0.071875
0 0.4765625 0.475 0.071875 0.0734375
0 0.334375 0.3421875 0.0546875 0.0546875
0 0.3671875 0.2953125 0.0578125 0.0546875
0 0.715625 0.5859375 0.165625 0.1625
0 0.6484375 0.75 0.0203125 0.021875
0 0.578125 0.696875 0.0109375 0.0109375
0 0.6515625 0.4296875 0.028125 0.028125
0 0.31875 0.315625 0.0296875 0.015625
0 0.2203125 0.6578125 0.0078125 0.0125
0 0.278125 0.675 0.003125 0.0015625