0 0.0375 0.26875 0.075 0.1203125
0 0.5375 0.284375 0.0203125 0.0390625
0 0.50625 0.2859375 0.0359375 0.0375
0 0.3984375 0.625 0.0265625 0.0296875
0 0.3703125 0.6359375 0.0296875 0.03125
0 0.36875 0.4875 0.0515625 0.0359375
0 0.3296875 0.3625 0.0296875 0.0109375
0 0.5203125 0.5546875 0.040625 0.0375
0 0.5484375 0.546875 0.021875 0.0296875
0 0.5015625 0.54375 0.015625 0.03125
0 0.525 0.3359375 0.0421875 0.034375
0 0.5109375 0.3265625 0.0234375 0.015625
0 0.56875 0.6625 0.009375 0.009375
0 0.51875 0.4734375 0.071875 0.0734375
0 0.5484375 0.4859375 0.040625 0.0609375
0 0.46875 0.5015625 0.0625 0.0703125
0 0.296875 0.5953125 0.0125 0.0203125
0 0.346875 0.465625 0.015625 0.0234375