0 0.4421875 0.6390625 0.03125 0.021875
0 0.7328125 0.375 0.021875 0.0453125
0 0.7359375 0.371875 0.0171875 0.03125
0 0.7171875 0.3984375 0.0453125 0.040625
0 0.3546875 0.3484375 0.0328125 0.0359375
0 0.48125 0.46875 0.05625 0.0734375
0 0.290625 0.190625 0.1578125 0.1609375
0 0.1953125 0.084375 0.178125 0.16875
0 0.3546875 0.075 0.171875 0.1515625
0 0.2671875 0.0546875 0.0359375 0.096875
0 0.9015625 0.734375 0.04375 0.04375
0 0.7921875 0.671875 0.040625 0.0390625
0 0.8796875 0.2828125 0.0453125 0.04375
0 0.384375 0.1609375 0.0125 0.0265625
0 0.453125 0.1203125 0.0140625 0.028125
0 0.2125 0.6015625 0.0109375 0.0125
0 0.2921875 0.640625 0.0109375 0.0203125
0 0.025 0.48125 0.0296875 0.028125