0 0.8890625 0.6046875 0.071875 0.046875
0 0.834375 0.559375 0.0828125 0.078125
0 0.9203125 0.5671875 0.084375 0.08125
0 0.8140625 0.596875 0.06875 0.0453125
0 0.7578125 0.5625 0.075 0.0765625
0 0.1859375 0.596875 0.03125 0.0203125
0 0.5109375 0.7265625 0.0125 0.0015625
0 0.4890625 0.4734375 0.071875 0.0609375
0 0.46875 0.653125 0.00625 0.0078125
0 0.9703125 0.6484375 0.0546875 0.0453125
0 0.5 0.428125 0.078125 0.08125
0 0.421875 0.4359375 0.075 0.078125
0 0.6234375 0.7296875 0.0828125 0.0875
0 0.634375 0.8109375 0.0625 0.0546875
0 0.4125 0.80625 0.0125 0.0203125
0 0.39375 0.828125 0.0421875 0.028125
0 0.4359375 0.8421875 0.00625 0.00625
0 0.1171875 0.375 0.0796875 0.0703125
0 0.125 0.309375 0.0828125 0.078125
0 0.0640625 0.3078125 0.065625 0.075
0 0.3375 0.4375 0.0421875 0.0453125
0 0.7703125 0.2859375 0.075 0.0734375
0 0.271875 0.63125 0.0921875 0.0953125
0 0.93125 0.35625 0.009375 0.00625