0 0.5953125 0.00625 0.0203125 0.0125
0 0.553125 0.0078125 0.0328125 0.0171875
0 0.2265625 0.6171875 0.0515625 0.046875
0 0.1703125 0.63125 0.0640625 0.065625
0 0.5390625 0.134375 0.159375 0.1828125
0 0.134375 0.1125 0.0609375 0.06875
0 0.609375 0.471875 0.003125 0.00625
0 0.6109375 0.475 0.0078125 0.015625
0 0.496875 0.4484375 0.0078125 0.00625
0 0.7265625 0.025 0.0765625 0.0515625
0 0.6109375 0.0171875 0.00625 0.0125
0 0.5015625 0.7046875 0.0453125 0.0515625
0 0.01875 0.5546875 0.0375 0.04375
0 0.128125 0.321875 0.05625 0.0546875