0 0.1953125 0.5421875 0.0078125 0.00625
0 0.1671875 0.5296875 0.025 0.0203125
0 0.1171875 0.771875 0.0265625 0.025
0 0.09375 0.78125 0.0265625 0.0265625
0 0.0609375 0.5765625 0.0203125 0.025
0 0.584375 0.5078125 0.0578125 0.0609375
0 0.5984375 0.5546875 0.0609375 0.0515625
0 0.6125 0.5875 0.0625 0.0359375
0 0.5484375 0.54375 0.0625 0.05625
0 0.528125 0.4890625 0.06875 0.0734375
0 0.159375 0.7390625 0.0328125 0.0234375
0 0.1875 0.734375 0.028125 0.028125
0 0.1609375 0.7265625 0.0265625 0.015625
0 0.1328125 0.603125 0.034375 0.0328125
0 0.146875 0.590625 0.0234375 0.0265625
0 0.265625 0.80625 0.0203125 0.025
0 0.015625 0.784375 0.0328125 0.0453125
0 0.075 0.7328125 0.015625 0.015625
0 0.0953125 0.6359375 0.021875 0.0234375
0 0.759375 0.30625 0.0515625 0.0171875
0 0.75625 0.446875 0.05625 0.0484375
0 0.4921875 0.5421875 0.0484375 0.0421875
0 0.446875 0.5328125 0.04375 0.0515625