0 0.109375 0.6390625 0.003125 0.0015625
0 0.2390625 0.5296875 0.0265625 0.0234375
0 0.190625 0.5453125 0.0015625 0.003125
0 0.23125 0.5578125 0.034375 0.0421875
0 0.203125 0.5640625 0.0203125 0.034375
0 0.8015625 0.6796875 0.05625 0.0578125
0 0.853125 0.690625 0.05625 0.059375
0 0.8078125 0.715625 0.05 0.025
0 0.7640625 0.6890625 0.0375 0.040625
0 0.7421875 0.6765625 0.059375 0.059375
0 0.4765625 0.3984375 0.08125 0.0796875
0 0.4828125 0.4703125 0.0671875 0.0703125
0 0.21875 0.3921875 0.00625 0.0046875
0 0.16875 0.2859375 0.05 0.046875
0 0.3921875 0.3921875 0.0515625 0.0453125
0 0.1796875 0.3375 0.0453125 0.0453125
0 0.840625 0.64375 0.01875 0.0109375
0 0.796875 0.628125 0.0359375 0.04375