0 0.503125 0.49375 0.06875 0.071875
0 0.571875 0.51875 0.0671875 0.0484375
0 0.5 0.5421875 0.065625 0.05625
0 0.5703125 0.4734375 0.0734375 0.071875
0 0.63125 0.490625 0.0640625 0.0671875
0 0.4640625 0.1859375 0.053125 0.053125
0 0.2671875 0.553125 0.0125 0.0140625
0 0.234375 0.553125 0.01875 0.0296875
0 0.2015625 0.5671875 0.0265625 0.0265625
0 0.221875 0.5421875 0.0234375 0.025
0 0.2453125 0.5265625 0.0234375 0.0203125
0 0.0484375 0.559375 0.05625 0.0671875
0 0.0171875 0.5578125 0.034375 0.0703125
0 0.409375 0.3921875 0.0296875 0.028125
0 0.4203125 0.415625 0.0265625 0.025
0 0.0859375 0.403125 0.0234375 0.028125
0 0.0953125 0.4859375 0.0140625 0.0125
0 0.1078125 0.496875 0.0078125 0.0171875
0 0.115625 0.471875 0.0375 0.03125
0 0.5359375 0.4546875 0.00625 0.003125