0 0.2296875 0.8296875 0.0421875 0.04375
0 0.253125 0.8234375 0.0046875 0.01875
0 0.1984375 0.8375 0.01875 0.009375
0 0.275 0.828125 0.0453125 0.028125
0 0.3015625 0.81875 0.0046875 0.0078125
0 0.7171875 0.7796875 0.0125 0.0078125
0 0.75625 0.778125 0.0359375 0.021875
0 0.41875 0.7546875 0.08125 0.08125
0 0.41875 0.7890625 0.0703125 0.0296875
0 0.0828125 0.9015625 0.065625 0.0578125
0 0.7140625 0.828125 0.0578125 0.059375
0 0.146875 0.875 0.0734375 0.0703125
0 0.73125 0.615625 0.0125 0.0046875
0 0.503125 0.465625 0.071875 0.0640625
0 0.184375 0.5171875 0.03125 0.046875
0 0.21875 0.553125 0.0578125 0.034375