0 0.5796875 0.490625 0.071875 0.05625
0 0.5328125 0.4359375 0.08125 0.0828125
0 0.6140625 0.45 0.0796875 0.0828125
0 0.50625 0.4796875 0.071875 0.0609375
0 0.4515625 0.4375 0.0796875 0.084375
0 0.153125 0.6546875 0.0265625 0.0328125
0 0.1515625 0.29375 0.0921875 0.084375
0 0.7 0.603125 0.0359375 0.0375
0 0.134375 0.565625 0.009375 0.0140625
0 0.6234375 0.58125 0.025 0.04375
0 0.1703125 0.23125 0.1 0.1
0 0.0671875 0.2296875 0.103125 0.0984375
0 0.290625 0.5890625 0.1 0.1015625
0 0.2875 0.73125 0.06875 0.065625
0 0.0515625 0.76875 0.034375 0.015625
0 0.490625 0.14375 0.078125 0.0828125
0 0.9359375 0.4453125 0.059375 0.0515625
0 0.6015625 0.3234375 0.0265625 0.0421875
0 0.99375 0.665625 0.009375 0.003125