0 0.978125 0.784375 0.034375 0.0390625
0 0.978125 0.7984375 0.0359375 0.0234375
0 0.903125 0.790625 0.0171875 0.0078125
0 0.9515625 0.7703125 0.0375 0.0546875
0 0.6953125 0.7796875 0.0984375 0.0890625
0 0.5828125 0.75 0.0859375 0.1
0 0.659375 0.8265625 0.0953125 0.0875
0 0.121875 0.821875 0.040625 0.0375
0 0.053125 0.8515625 0.05625 0.0390625
0 0.9890625 0.7109375 0.01875 0.0125
0 0.4625 0.725 0.01875 0.034375
0 0.4921875 0.734375 0.0328125 0.0140625
0 0.4421875 0.7875 0.034375 0.0640625
0 0.753125 0.978125 0.0625 0.0390625
0 0.50625 0.4828125 0.0546875 0.065625
0 0.9390625 0.5578125 0.0046875 0.0046875
0 0.425 0.5484375 0.00625 0.0046875
0 0.71875 0.553125 0.0328125 0.0390625
0 0.5625 0.815625 0.0078125 0.0203125
0 0.565625 0.8171875 0.00625 0.0171875