0 0.83125 0.840625 0.0078125 0.0109375
0 0.8328125 0.846875 0.009375 0.0046875
0 0.840625 0.840625 0.0078125 0.009375
0 0.8515625 0.840625 0.009375 0.009375
0 0.8390625 0.784375 0.00625 0.0015625
0 0.8296875 0.790625 0.0078125 0.0109375
0 0.8296875 0.7984375 0.0015625 0.003125
0 0.6703125 0.7625 0.0046875 0.0046875
0 0.8203125 0.76875 0.009375 0.0078125
0 0.6375 0.8515625 0.009375 0.009375
0 0.6375 0.8578125 0.0046875 0.0078125
0 0.7375 0.8359375 0.0078125 0.009375
0 0.6671875 0.7734375 0.009375 0.009375
0 0.88125 0.5765625 0.003125 0.0015625
0 0.821875 0.65 0.0125 0.0140625
0 0.803125 0.6265625 0.0421875 0.0703125
0 0.85625 0.60625 0.0703125 0.0765625
0 0.9421875 0.5765625 0.0515625 0.040625
0 0.4140625 0.4921875 0.0671875 0.0703125
0 0.478125 0.4765625 0.075 0.071875
0 0.7703125 0.803125 0.0046875 0.003125
0 0.75625 0.809375 0.00625 0.0078125
0 0.7671875 0.7984375 0.0078125 0.0078125
0 0.6703125 0.834375 0.0046875 0.0046875
0 0.65625 0.8328125 0.0015625 0.0078125
0 0.6625 0.8328125 0.009375 0.00625
0 0.7015625 0.79375 0.003125 0.00625
0 0.6890625 0.7875 0.0078125 0.0078125
0 0.59375 0.8625 0.009375 0.009375
0 0.8875 0.8796875 0.0078125 0.0109375
0 0.8921875 0.859375 0.0109375 0.009375
0 0.8546875 0.7625 0.009375 0.009375
0 0.7765625 0.75 0.0078125 0.0078125
0 0.7671875 0.75 0.0078125 0.00625
0 0.7640625 0.8421875 0.0046875 0.0015625
0 0.753125 0.8421875 0.0015625 0.0046875
0 0.7609375 0.846875 0.0046875 0.0046875
0 0.6125 0.840625 0.009375 0.00625
0 0.63125 0.7921875 0.009375 0.0109375
0 0.80625 0.7546875 0.00625 0.0046875
0 0.8125 0.7625 0.003125 0.00625
0 0.725 0.7828125 0.0015625 0.00625
0 0.7390625 0.8 0.0046875 0.0015625
0 0.7390625 0.7953125 0.00625 0.00625
0 0.84375 0.7765625 0.003125 0.0046875