0 0.259375 0.5375 0.025 0.0125
0 0.24375 0.5390625 0.0046875 0.00625
0 0.20625 0.7578125 0.021875 0.0203125
0 0.1875 0.7671875 0.0203125 0.021875
0 0.059375 0.7171875 0.03125 0.0328125
0 0.15625 0.5765625 0.00625 0.015625
0 0.475 0.4828125 0.0671875 0.071875
0 0.4984375 0.5359375 0.059375 0.04375
0 0.515625 0.575 0.0640625 0.05625
0 0.459375 0.53125 0.053125 0.0515625
0 0.428125 0.4765625 0.05625 0.0671875
0 0.2328125 0.7234375 0.028125 0.0203125
0 0.2578125 0.7203125 0.025 0.028125
0 0.2359375 0.7109375 0.021875 0.0109375
0 0.196875 0.5984375 0.025 0.0265625
0 0.2125 0.5890625 0.025 0.01875
0 0.34375 0.7890625 0.021875 0.0234375
0 0.003125 0.3984375 0.00625 0.0296875
0 0.0140625 0.4140625 0.028125 0.034375
0 0.040625 0.7640625 0.04375 0.0390625
0 0.0765625 0.759375 0.0375 0.040625
0 0.01875 0.778125 0.0125 0.021875
0 0.171875 0.721875 0.0171875 0.0140625
0 0.1890625 0.6375 0.009375 0.0125
0 0.171875 0.0296875 0.0828125 0.046875
0 0.1734375 0.0171875 0.0828125 0.0359375
0 0.703125 0.3125 0.0484375 0.053125
0 0.6859375 0.4265625 0.05625 0.053125
0 0.4359375 0.5328125 0.0140625 0.0359375
0 0.4140625 0.5234375 0.0359375 0.0453125