0 0.4609375 0.6375 0.003125 0.0015625
0 0.5234375 0.65 0.0015625 0.0046875
0 0.328125 0.7171875 0.0046875 0.003125
0 0.2859375 0.7046875 0.021875 0.00625
0 0.3109375 0.7140625 0.0265625 0.0328125
0 0.3046875 0.6921875 0.0125 0.0140625
0 0.771875 0.4859375 0.0078125 0.0140625
0 0.3015625 0.4546875 0.0109375 0.003125
0 0.6078125 0.68125 0.0015625 0.0015625
0 0.45625 0.634375 0.003125 0.0015625
0 0.5015625 0.6390625 0.003125 0.0078125
0 0.5078125 0.64375 0.0046875 0.0078125
0 0.525 0.628125 0.0046875 0.00625
0 0.3828125 0.390625 0.075 0.075
0 0.45 0.4234375 0.075 0.071875
0 0.50625 0.46875 0.071875 0.0765625
0 0.4765625 0.4359375 0.053125 0.0671875
0 0.4171875 0.396875 0.046875 0.06875
0 0.8234375 0.684375 0.003125 0.0015625
0 0.7328125 0.5640625 0.00625 0.0125
0 0.7375 0.5578125 0.0140625 0.025
0 0.2765625 0.7890625 0.025 0.015625
0 0.2453125 0.740625 0.0078125 0.0109375
0 0.334375 0.53125 0.0078125 0.0109375
0 0.090625 0.6421875 0.028125 0.028125
0 0.5125 0.4234375 0.0125 0.0078125
0 0.534375 0.715625 0.028125 0.0140625
0 0.565625 0.721875 0.0328125 0.0375
0 0.55625 0.7375 0.0015625 0.0015625
0 0.8125 0.603125 0.015625 0.01875
0 0.10625 0.1046875 0.0546875 0.065625
0 0.0453125 0.0984375 0.065625 0.0734375
0 0.8140625 0.0625 0.075 0.0796875
0 0.753125 0.228125 0.0765625 0.0796875
0 0.61875 0.4359375 0.0546875 0.0578125
0 0.5921875 0.44375 0.0046875 0.0234375