0 0.4890625 0.53125 0.0390625 0.0375
0 0.5484375 0.5296875 0.040625 0.040625
0 0.521875 0.553125 0.0390625 0.0421875
0 0.509375 0.5078125 0.0484375 0.0453125
0 0.5609375 0.509375 0.0484375 0.0484375
0 0.3265625 0.171875 0.05625 0.05625
0 0.275 0.1953125 0.0546875 0.0578125
0 0.3140625 0.2296875 0.0515625 0.05625
0 0.0109375 0.334375 0.0234375 0.0328125
0 0.5609375 0.29375 0.03125 0.0375
0 0.1140625 0.5265625 0.034375 0.0328125
0 0.6625 0.5546875 0.0171875 0.0203125
0 0.64375 0.565625 0.0234375 0.021875
0 0.6234375 0.5796875 0.0171875 0.0203125
0 0.625 0.5578125 0.0234375 0.0234375
0 0.6484375 0.5421875 0.0234375 0.0234375
0 0.0953125 0.41875 0.0328125 0.015625
0 0.0578125 0.396875 0.0296875 0.0171875
0 0.2984375 0.5609375 0.0875 0.0875
0 0.484375 0.465625 0.0765625 0.0734375
0 0.896875 0.146875 0.0859375 0.0796875
0 0.3640625 0.2359375 0.0359375 0.0359375
0 0.29375 0.21875 0.01875 0.0328125
0 0.3421875 0.6046875 0.0296875 0.03125
0 0.303125 0.6125 0.034375 0.0171875
0 0.765625 0.403125 0.0171875 0.0234375
0 0.7765625 0.4203125 0.0171875 0.025
0 0.54375 0.471875 0.021875 0.0109375
0 0.8859375 0.4421875 0.0296875 0.028125