0 0.678125 0.4125 0.0578125 0.046875
0 0.646875 0.36875 0.0625 0.0625
0 0.709375 0.3796875 0.0640625 0.0640625
0 0.6234375 0.403125 0.0484375 0.053125
0 0.5828125 0.3703125 0.0609375 0.0640625
0 0.00625 0.3828125 0.0125 0.0484375
0 0.0125 0.3921875 0.025 0.040625
0 0.028125 0.4234375 0.0578125 0.0578125
0 0.30625 0.5734375 0.0125 0.0125
0 0.3671875 0.2546875 0.0640625 0.0671875
0 0.75625 0.5234375 0.0171875 0.0328125
0 0.696875 0.503125 0.0375 0.0234375
0 0.39375 0.209375 0.06875 0.0734375
0 0.315625 0.209375 0.0734375 0.071875
0 0.4890625 0.46875 0.0703125 0.0734375
0 0.434375 0.6078125 0.046875 0.05625
0 0.1515625 0.6765625 0.021875 0.0265625
0 0.215625 0.671875 0.0140625 0.028125
0 0.025 0.0890625 0.0515625 0.0796875
0 0.040625 0.03125 0.08125 0.0640625
0 0.1515625 0.259375 0.04375 0.03125
0 0.6109375 0.1453125 0.0609375 0.0625
0 0.2015625 0.3296875 0.0890625 0.0875
0 0.6703125 0.2375 0.003125 0.00625
0 0.953125 0.3921875 0.046875 0.0359375
0 0.6765625 0.290625 0.01875 0.03125