0 0.7671875 0.76875 0.0890625 0.0921875
0 0.684375 0.75 0.0921875 0.0921875
0 0.6984375 0.81875 0.0828125 0.0796875
0 0.7671875 0.703125 0.0015625 0.0015625
0 0.159375 0.7328125 0.0109375 0.003125
0 0.2234375 0.740625 0.01875 0.009375
0 0.390625 0.8171875 0.028125 0.021875
0 0.303125 0.790625 0.06875 0.071875
0 0.7921875 0.8828125 0.021875 0.021875
0 0.534375 0.9671875 0.0546875 0.0625
0 0.284375 0.878125 0.0140625 0.0234375
0 0.303125 0.871875 0.0171875 0.0203125
0 0.9859375 0.60625 0.025 0.0625
0 0.496875 0.48125 0.06875 0.071875
0 0.96875 0.853125 0.059375 0.0625
0 0.4359375 0.7015625 0.00625 0.0109375
0 0.4109375 0.5890625 0.0015625 0.0015625
0 0.1265625 0.834375 0.0078125 0.0078125