0 0.0046875 0.6484375 0.0109375 0.028125
0 0.5625 0.8109375 0.0546875 0.0609375
0 0.553125 0.840625 0.0515625 0.0359375
0 0.5390625 0.8625 0.0515625 0.0421875
0 0.5046875 0.840625 0.0234375 0.0125
0 0.5203125 0.7703125 0.0125 0.0140625
0 0.021875 0.9109375 0.0234375 0.025
0 0.440625 0.4359375 0.0671875 0.0421875
0 0.4890625 0.4671875 0.0703125 0.0734375
0 0.6140625 0.6 0.0375 0.040625
0 0.615625 0.70625 0.0421875 0.0453125
0 0.415625 0.778125 0.0453125 0.0390625
0 0.371875 0.759375 0.0390625 0.0453125
0 0.31875 0.5421875 0.103125 0.1078125