0 0.2734375 0.6453125 0.0453125 0.0453125
0 0.296875 0.640625 0.0234375 0.04375
0 0.2453125 0.6484375 0.021875 0.0359375
0 0.31875 0.6421875 0.040625 0.04375
0 0.34375 0.6203125 0.01875 0.0109375
0 0.78125 0.628125 0.0234375 0.0328125
0 0.4671875 0.6 0.0140625 0.01875
0 0.48125 0.4703125 0.075 0.0734375
0 0.478125 0.5109375 0.0671875 0.046875
0 0.15625 0.6421875 0.065625 0.0609375
0 0.7453125 0.6203125 0.05625 0.053125
0 0.2171875 0.625 0.0671875 0.0625
0 0.9265625 0.8140625 0.028125 0.0203125
0 0.9078125 0.853125 0.00625 0.003125
0 0.878125 0.828125 0.05625 0.053125
0 0.5546875 0.2203125 0.0671875 0.0625
0 0.2359375 0.334375 0.0203125 0.046875
0 0.25625 0.3609375 0.0171875 0.0390625