0 0.6765625 0.79375 0.0265625 0.025
0 0.6890625 0.803125 0.009375 0.0125
0 0.6546875 0.8109375 0.0171875 0.01875
0 0.703125 0.7890625 0.0265625 0.028125
0 0.715625 0.7984375 0.0109375 0.0109375
0 0.825 0.615625 0.0296875 0.01875
0 0.821875 0.628125 0.028125 0.0328125
0 0.803125 0.6515625 0.0328125 0.021875
0 0.3265625 0.4765625 0.0421875 0.0421875
0 0.3609375 0.4625 0.04375 0.0421875
0 0.590625 0.609375 0.0046875 0.0078125
0 0.375 0.88125 0.0703125 0.075
0 0.4296875 0.9140625 0.0703125 0.08125
0 0.5234375 0.7890625 0.0125 0.0171875
0 0.55625 0.4390625 0.0421875 0.0546875
0 0.278125 0.734375 0.0046875 0.003125
0 0.265625 0.7359375 0.0171875 0.01875
0 0.303125 0.7078125 0.0125 0.01875
0 0.3296875 0.7984375 0.0484375 0.0359375
0 0.2890625 0.7796875 0.034375 0.05
0 0.321875 0.7765625 0.0484375 0.0515625
0 0.4 0.628125 0.0359375 0.03125
0 0.39375 0.5984375 0.0234375 0.034375
0 0.9890625 0.89375 0.01875 0.034375
0 0.928125 0.83125 0.0328125 0.03125
0 0.9359375 0.5359375 0.034375 0.0328125
0 0.9484375 0.7203125 0.028125 0.0265625
0 0.5640625 0.5296875 0.0265625 0.021875
0 0.56875 0.5109375 0.028125 0.028125
0 0.4640625 0.828125 0.0015625 0.00625
0 0.5 0.8390625 0.0125 0.0109375
0 0.578125 0.76875 0.10625 0.115625
0 0.4875 0.4765625 0.071875 0.075
0 0.1703125 0.6046875 0.0234375 0.021875
0 0.278125 0.6875 0.0140625 0.0203125