0 0.9296875 0.90625 0.0640625 0.11875
0 0.971875 0.9171875 0.053125 0.071875
0 0.471875 0.4265625 0.0453125 0.078125
0 0.459375 0.4875 0.028125 0.0421875
0 0.5125 0.49375 0.0796875 0.071875
0 0.9171875 0.49375 0.0203125 0.021875
0 0.8859375 0.5015625 0.03125 0.034375
0 0.725 0.8171875 0.0171875 0.00625
0 0.69375 0.84375 0.0328125 0.025
0 0.9015625 0.8078125 0.046875 0.046875
0 0.659375 0.565625 0.0328125 0.034375
0 0.88125 0.7734375 0.0109375 0.025
0 0.98125 0.6046875 0.025 0.040625
0 0.9421875 0.5890625 0.0328125 0.04375
0 0.8890625 0.8796875 0.01875 0.0078125
0 0.2203125 0.290625 0.0671875 0.0734375
0 0.9953125 0.2234375 0.0046875 0.0265625
0 0.9484375 0.2609375 0.0640625 0.0625
0 0.5734375 0.778125 0.0046875 0.0046875
0 0.6359375 0.6484375 0.0171875 0.0203125