0 0.5203125 0.5203125 0.0671875 0.0578125
0 0.609375 0.5265625 0.059375 0.0375
0 0.5796875 0.565625 0.059375 0.0375
0 0.5296875 0.484375 0.0734375 0.0734375
0 0.6078125 0.48125 0.078125 0.075
0 0.1734375 0.015625 0.08125 0.03125
0 0.1109375 0.040625 0.0859375 0.0828125
0 0.178125 0.0828125 0.0828125 0.0875
0 0.028125 0.3296875 0.034375 0.0359375
0 0.00625 0.309375 0.0109375 0.0171875
0 0.659375 0.190625 0.03125 0.0390625
0 0.0921875 0.5484375 0.0515625 0.0484375
0 0.8625 0.5484375 0.0125 0.0171875
0 0.8375 0.559375 0.0234375 0.025
0 0.8015625 0.5828125 0.021875 0.015625
0 0.8015625 0.5453125 0.0203125 0.025
0 0.8359375 0.525 0.009375 0.0265625
0 0.0953125 0.4125 0.0140625 0.015625
0 0.06875 0.4015625 0.0390625 0.03125
0 0.2421875 0.3859375 0.159375 0.15625
0 0.390625 0.146875 0.0375 0.05
0 0.3171875 0.159375 0.01875 0.0125
0 0.38125 0.6265625 0.0484375 0.05
0 0.3484375 0.60625 0.01875 0.0171875
0 0.3328125 0.634375 0.0484375 0.0484375
0 0.98125 0.3296875 0.034375 0.0328125
0 0.996875 0.35 0.0015625 0.0171875
0 0.7140625 0.44375 0.00625 0.0109375
0 0.7421875 0.5109375 0.0140625 0.025
0 0.69375 0.5265625 0.0296875 0.021875
0 0.66875 0.5125 0.01875 0.03125