0 0.040625 0.6875 0.0265625 0.0375
0 0.1171875 0.7 0.0421875 0.040625
0 0.0984375 0.725 0.009375 0.0234375
0 0.0765625 0.68125 0.0578125 0.053125
0 0.1375 0.6875 0.05625 0.053125
0 0.1703125 0.4203125 0.0390625 0.0296875
0 0.2515625 0.6484375 0.0234375 0.015625
0 0.228125 0.65625 0.0234375 0.025
0 0.2046875 0.6703125 0.0234375 0.0171875
0 0.215625 0.6484375 0.015625 0.025
0 0.234375 0.6375 0.0203125 0.0203125
0 0.04375 0.74375 0.0890625 0.0859375
0 0.3640625 0.50625 0.025 0.0234375
0 0.3796875 0.5234375 0.0234375 0.0203125
0 0.1296875 0.5390625 0.0171875 0.021875
0 0.11875 0.61875 0.025 0.0140625
0 0.1 0.609375 0.021875 0.0265625
0 0.471875 0.5625 0.0265625 0.025