0 0.5109375 0.60625 0.015625 0.009375
0 0.54375 0.584375 0.01875 0.0078125
0 0.5671875 0.5921875 0.0125 0.0328125
0 0.95 0.5453125 0.0484375 0.0296875
0 0.9546875 0.51875 0.053125 0.046875
0 0.9375 0.55 0.009375 0.015625
0 0.5140625 0.4734375 0.0578125 0.075
0 0.571875 0.478125 0.08125 0.08125
0 0.3 0.4734375 0.0484375 0.0484375
0 0.340625 0.4875 0.0453125 0.0484375
0 0.6796875 0.5359375 0.0421875 0.0296875
0 0.6 0.7015625 0.0421875 0.0296875
0 0.803125 0.7140625 0.065625 0.0671875
0 0.80625 0.7515625 0.059375 0.0296875
0 0.734375 0.7234375 0.0578125 0.05625
0 0.8234375 0.346875 0.046875 0.046875
0 0.21875 0.6484375 0.0125 0.0171875
0 0.334375 0.290625 0.0453125 0.0421875
0 0.228125 0.55625 0.0046875 0.0015625