0 0.3265625 0.7328125 0.003125 0.0109375
0 0.31875 0.7390625 0.0109375 0.0234375
0 0.84375 0.5296875 0.0125 0.0109375
0 0.3640625 0.4859375 0.00625 0.0078125
0 0.65625 0.7203125 0.0265625 0.0265625
0 0.5765625 0.671875 0.00625 0.00625
0 0.5828125 0.671875 0.0046875 0.0078125
0 0.5703125 0.671875 0.0015625 0.00625
0 0.521875 0.65 0.0015625 0.0015625
0 0.5234375 0.615625 0.003125 0.003125
0 0.6140625 0.6609375 0.0015625 0.0015625
0 0.5 0.484375 0.0703125 0.0703125
0 0.5625 0.5140625 0.0703125 0.0703125
0 0.615625 0.5578125 0.0703125 0.071875
0 0.5890625 0.521875 0.04375 0.0625
0 0.5328125 0.4828125 0.03125 0.0671875
0 0.8578125 0.7359375 0.009375 0.0078125
0 0.8765625 0.7171875 0.0171875 0.0265625
0 0.7671875 0.6046875 0.0109375 0.01875
0 0.321875 0.8171875 0.00625 0.0109375
0 0.1390625 0.671875 0.028125 0.025
0 0.553125 0.4671875 0.0203125 0.0203125
0 0.584375 0.7609375 0.034375 0.0296875
0 0.615625 0.759375 0.028125 0.034375
0 0.603125 0.7765625 0.009375 0.0140625
0 0.221875 0.1953125 0.05 0.0640625
0 0.1671875 0.2 0.0671875 0.059375
0 0.909375 0.1671875 0.075 0.071875
0 0.85625 0.3296875 0.0796875 0.0734375
0 0.7046875 0.509375 0.0546875 0.0578125
0 0.6765625 0.5171875 0.0125 0.0265625