0 0.603125 0.834375 0.0515625 0.0578125
0 0.6734375 0.8546875 0.040625 0.0203125
0 0.615625 0.8703125 0.0484375 0.0234375
0 0.65 0.8265625 0.0578125 0.0609375
0 0.7078125 0.83125 0.0578125 0.059375
0 0.5921875 0.4515625 0.0734375 0.075
0 0.5234375 0.4703125 0.071875 0.071875
0 0.55625 0.515625 0.0546875 0.0703125
0 0.6046875 0.5078125 0.0375 0.0421875
0 0.0421875 0.803125 0.0625 0.0609375
0 0.5234375 0.7125 0.025 0.025
0 0.5 0.7203125 0.0203125 0.0234375
0 0.4796875 0.7390625 0.0171875 0.0203125
0 0.4890625 0.715625 0.021875 0.0265625
0 0.5125 0.703125 0.025 0.025
0 0.9875 0.990625 0.021875 0.015625
0 0.6453125 0.140625 0.09375 0.1
0 0.3828125 0.40625 0.0390625 0.0375
0 0.3078125 0.378125 0.0390625 0.0453125
0 0.2546875 0.840625 0.0046875 0.0140625
0 0.2703125 0.8875 0.0375 0.028125
0 0.640625 0.5671875 0.0265625 0.025
0 0.653125 0.5828125 0.021875 0.021875
0 0.378125 0.5953125 0.025 0.0234375
0 0.4015625 0.6578125 0.025 0.0171875
0 0.40625 0.690625 0.0234375 0.0265625
0 0.396875 0.68125 0.028125 0.028125
0 0.765625 0.6296875 0.0203125 0.021875