0 0.4 0.525 0.0671875 0.05
0 0.4765625 0.5234375 0.0640625 0.0453125
0 0.4578125 0.565625 0.0609375 0.0359375
0 0.4015625 0.4875 0.06875 0.0703125
0 0.471875 0.4859375 0.071875 0.071875
0 0.0453125 0.028125 0.084375 0.0578125
0 0.015625 0.0671875 0.03125 0.078125
0 0.053125 0.10625 0.0828125 0.084375
0 0.5515625 0.1953125 0.05 0.053125
0 0.0203125 0.55 0.0421875 0.05
0 0.8 0.5421875 0.0296875 0.0296875
0 0.771875 0.5609375 0.0296875 0.025
0 0.74375 0.5765625 0.0296875 0.0265625
0 0.7453125 0.5484375 0.0203125 0.03125
0 0.771875 0.5265625 0.0328125 0.0265625
0 0.04375 0.403125 0.0890625 0.14375
0 0.284375 0.1734375 0.0046875 0.003125
0 0.24375 0.1484375 0.009375 0.009375
0 0.2984375 0.628125 0.04375 0.0421875
0 0.2546875 0.6015625 0.00625 0.0046875
0 0.253125 0.63125 0.04375 0.0484375
0 0.9109375 0.334375 0.0375 0.0328125
0 0.9375 0.3546875 0.0296875 0.034375
0 0.6578125 0.4578125 0.0078125 0.0078125
0 0.6828125 0.5109375 0.01875 0.0234375
0 0.634375 0.5296875 0.03125 0.0234375
0 0.6125 0.515625 0.03125 0.028125