0 0.484375 0.6515625 0.0015625 0.0015625
0 0.2625 0.7328125 0.0125 0.0265625
0 0.353125 0.5921875 0.0125 0.0109375
0 0.390625 0.5921875 0.0015625 0.0015625
0 0.8265625 0.509375 0.03125 0.0296875
0 0.803125 0.50625 0.0078125 0.0015625
0 0.321875 0.478125 0.034375 0.0125
0 0.859375 0.7796875 0.003125 0.0015625
0 0.634375 0.7203125 0.0265625 0.021875
0 0.5703125 0.6703125 0.00625 0.0078125
0 0.5765625 0.671875 0.0046875 0.00625
0 0.5734375 0.675 0.003125 0.003125
0 0.5625 0.6703125 0.0046875 0.0078125
0 0.4734375 0.6265625 0.00625 0.00625
0 0.50625 0.646875 0.0046875 0.0078125
0 0.5109375 0.6515625 0.003125 0.0078125
0 0.5296875 0.634375 0.0046875 0.0046875
0 0.4140625 0.440625 0.0828125 0.0828125
0 0.4890625 0.478125 0.0828125 0.08125
0 0.553125 0.528125 0.08125 0.084375
0 0.5203125 0.4875 0.053125 0.0734375
0 0.453125 0.44375 0.0453125 0.0765625
0 0.84375 0.7390625 0.0078125 0.00625
0 0.8671875 0.7171875 0.0296875 0.021875
0 0.85625 0.7171875 0.0015625 0.028125
0 0.246875 0.765625 0.015625 0.009375
0 0.0875 0.66875 0.0234375 0.0265625
0 0.49375 0.434375 0.00625 0.003125
0 0.5265625 0.4484375 0.021875 0.015625
0 0.5546875 0.7734375 0.0234375 0.025
0 0.5921875 0.7625 0.034375 0.0375
0 0.5703125 0.78125 0.0171875 0.0109375
0 0.846875 0.628125 0.009375 0.0140625
0 0.10625 0.11875 0.0625 0.075
0 0.0390625 0.115625 0.078125 0.0703125
0 0.896875 0.0703125 0.0875 0.0828125
0 0.834375 0.259375 0.090625 0.0890625
0 0.6671875 0.48125 0.0625 0.065625
0 0.6359375 0.4875 0.009375 0.0265625