0 0.2546875 0.509375 0.003125 0.0046875
0 0.25625 0.509375 0.0015625 0.0015625
0 0.3140625 0.3234375 0.053125 0.0359375
0 0.6171875 0.834375 0.00625 0.0078125
0 0.628125 0.8375 0.0015625 0.0015625
0 0.61875 0.840625 0.0046875 0.003125
0 0.625 0.8328125 0.00625 0.0078125
0 0.6328125 0.8328125 0.0078125 0.0078125
0 0.6171875 0.7875 0.00625 0.0078125
0 0.6078125 0.7921875 0.0078125 0.003125
0 0.6140625 0.796875 0.003125 0.003125
0 0.478125 0.76875 0.0046875 0.0046875
0 0.48125 0.765625 0.00625 0.0078125
0 0.6171875 0.7734375 0.00625 0.00625
0 0.4390625 0.840625 0.0046875 0.0046875
0 0.440625 0.85 0.003125 0.003125
0 0.5359375 0.8296875 0.0078125 0.0078125
0 0.46875 0.7765625 0.00625 0.0078125
0 0.353125 0.3546875 0.0234375 0.03125
0 0.3296875 0.3203125 0.0046875 0.0078125
0 0.340625 0.58125 0.0609375 0.0609375
0 0.4546875 0.0890625 0.0828125 0.0953125
0 0.5140625 0.084375 0.0640625 0.0875
0 0.4953125 0.0234375 0.0875 0.0484375
0 0.3078125 0.3046875 0.0140625 0.0046875
0 0.29375 0.6015625 0.0234375 0.015625
0 0.4859375 0.465625 0.0734375 0.0734375
0 0.5953125 0.803125 0.003125 0.003125
0 0.5890625 0.8046875 0.003125 0.0046875
0 0.5828125 0.80625 0.003125 0.0046875
0 0.584375 0.803125 0.0046875 0.00625
0 0.590625 0.7984375 0.003125 0.0046875
0 0.478125 0.83125 0.00625 0.00625
0 0.471875 0.828125 0.0046875 0.00625
0 0.5078125 0.7953125 0.00625 0.00625
0 0.5 0.7890625 0.00625 0.00625
0 0.640625 0.86875 0.0015625 0.003125
0 0.6546875 0.8484375 0.0078125 0.0078125
0 0.621875 0.7671875 0.0078125 0.0078125
0 0.7015625 0.8140625 0.0078125 0.0078125
0 0.578125 0.7578125 0.00625 0.00625
0 0.5671875 0.75625 0.00625 0.00625
0 0.559375 0.840625 0.0015625 0.003125
0 0.4359375 0.7921875 0.00625 0.0078125
0 0.625 0.7609375 0.0046875 0.0046875
0 0.6296875 0.7640625 0.0046875 0.0046875
0 0.559375 0.7859375 0.003125 0.0046875
0 0.5640625 0.8 0.0046875 0.003125
0 0.5640625 0.7953125 0.00625 0.00625