0 0.4015625 0.6859375 0.0046875 0.00625
0 0.453125 0.65 0.0046875 0.0015625
0 0.6109375 0.4828125 0.0078125 0.0078125
0 0.621875 0.4984375 0.0296875 0.03125
0 0.6015625 0.515625 0.0234375 0.0265625
0 0.4703125 0.109375 0.059375 0.0625
0 0.53125 0.10625 0.0609375 0.0640625
0 0.3203125 0.4484375 0.0234375 0.028125
0 0.49375 0.59375 0.0421875 0.046875
0 0.925 0.1453125 0.06875 0.065625
0 0.5203125 0.5296875 0.0703125 0.0578125
0 0.503125 0.490625 0.06875 0.0703125
0 0.571875 0.4890625 0.0703125 0.071875
0 0.41875 0.3578125 0.05 0.053125
0 0.45 0.3125 0.0546875 0.053125
0 0.853125 0.6046875 0.1234375 0.15625
0 0.703125 0.7515625 0.025 0.028125
0 0.628125 0.7046875 0.021875 0.025
0 0.715625 0.4375 0.015625 0.01875
0 0.5921875 0.6265625 0.00625 0.0046875
0 0.3875 0.3359375 0.03125 0.034375
0 0.41875 0.3125 0.01875 0.0375
0 0.2921875 0.6765625 0.0296875 0.0171875
0 0.3 0.6578125 0.040625 0.0375
0 0.3359375 0.675 0.0390625 0.0140625