0 0.60625 0.4546875 0.06875 0.0765625
0 0.49375 0.4484375 0.0671875 0.084375
0 0.53125 0.4328125 0.090625 0.090625
0 0.50625 0.4890625 0.065625 0.025
0 0.3796875 0.4453125 0.0578125 0.0609375
0 0.7609375 0.5734375 0.0125 0.0265625
0 0.328125 0.4203125 0.0625 0.0640625
0 0.3265625 0.4546875 0.05 0.0296875
0 0.3515625 0.64375 0.071875 0.0734375
0 0.6421875 0.7234375 0.01875 0.0296875
0 0.73125 0.775 0.0109375 0.03125
0 0.790625 0.7875 0.009375 0.0125
0 0.2546875 0.4421875 0.04375 0.0296875
0 0.2328125 0.4203125 0.034375 0.0171875
0 0.253125 0.4171875 0.0078125 0.021875
0 0.5953125 0.4125 0.0375 0.0203125
0 0.4625 0.196875 0.071875 0.078125
0 0.20625 0.6046875 0.0609375 0.0625
0 0.9359375 0.0421875 0.0875 0.084375
0 0.9671875 0.125 0.0609375 0.08125