0 0.4578125 0.5125 0.065625 0.0703125
0 0.5359375 0.5375 0.0609375 0.0421875
0 0.465625 0.5625 0.0640625 0.0484375
0 0.51875 0.490625 0.071875 0.0703125
0 0.584375 0.50625 0.0671875 0.06875
0 0.4546875 0.209375 0.0484375 0.0515625
0 0.3234375 0.559375 0.028125 0.028125
0 0.3 0.571875 0.021875 0.021875
0 0.2671875 0.5828125 0.0296875 0.025
0 0.31875 0.54375 0.015625 0.0265625
0 0.98125 0.446875 0.0328125 0.103125
0 0.1921875 0.0234375 0.05625 0.046875
0 0.053125 0.5875 0.05 0.0640625
0 0.01875 0.5890625 0.0375 0.065625
0 0.4640625 0.4046875 0.0296875 0.028125
0 0.478125 0.4265625 0.028125 0.0265625
0 0.1578125 0.428125 0.025 0.0265625
0 0.1875 0.5140625 0.034375 0.03125
0 0.18125 0.4953125 0.0296875 0.0328125
0 0.6015625 0.4703125 0.0125 0.0140625