0 0.3828125 0.7125 0.040625 0.0265625
0 0.43125 0.7171875 0.0390625 0.0203125
0 0.4203125 0.7328125 0.0359375 0.0203125
0 0.38125 0.69375 0.0421875 0.0453125
0 0.4265625 0.6953125 0.046875 0.0453125
0 0.1671875 0.428125 0.05 0.0484375
0 0.13125 0.4515625 0.0484375 0.046875
0 0.1703125 0.475 0.0484375 0.0453125
0 0.0640625 0.5 0.0265625 0.025
0 0.03125 0.490625 0.0203125 0.0265625
0 0.1140625 0.6921875 0.0359375 0.0359375
0 0.68125 0.659375 0.0203125 0.0203125
0 0.6625 0.6734375 0.0234375 0.0203125
0 0.6625 0.653125 0.0234375 0.021875
0 0.68125 0.6375 0.0203125 0.0234375
0 0.0109375 0.703125 0.0234375 0.0265625
0 0.0234375 0.6875 0.009375 0.0078125
0 0.1234375 0.58125 0.0296875 0.0265625
0 0.09375 0.565625 0.028125 0.028125
0 0.01875 0.859375 0.0390625 0.0703125
0 0.21875 0.7421875 0.01875 0.0546875
0 0.025 0.2546875 0.0515625 0.05625
0 0.4875 0.4609375 0.0734375 0.06875
0 0.321875 0.409375 0.0109375 0.0234375
0 0.2609375 0.4046875 0.034375 0.028125
0 0.3140625 0.7390625 0.03125 0.0265625
0 0.2859375 0.7265625 0.0265625 0.0109375
0 0.2796875 0.746875 0.0328125 0.0296875
0 0.7859375 0.4953125 0.028125 0.025
0 0.809375 0.50625 0.025 0.0234375
0 0.59375 0.5484375 0.00625 0.0046875
0 0.6171875 0.615625 0.015625 0.0140625
0 0.578125 0.634375 0.0125 0.025
0 0.5609375 0.628125 0.01875 0.0171875
0 0.9046875 0.5375 0.03125 0.028125