0 0.803125 0.5265625 0.040625 0.0453125
0 0.7875 0.5609375 0.0171875 0.0171875
0 0.7484375 0.5546875 0.04375 0.021875
0 0.8421875 0.525 0.034375 0.0421875
0 0.8328125 0.5546875 0.034375 0.0109375
0 0.6203125 0.2328125 0.0140625 0.0109375
0 0.809375 0.26875 0.1046875 0.090625
0 0.040625 0.478125 0.025 0.021875
0 0.0140625 0.4796875 0.028125 0.025
0 0.003125 0.484375 0.00625 0.0296875
0 0.021875 0.4578125 0.04375 0.0390625
0 0.046875 0.4484375 0.0265625 0.0375
0 0.65625 0.0203125 0.053125 0.040625
0 0.5265625 0.53125 0.053125 0.0265625
0 0.5046875 0.484375 0.0546875 0.071875
0 0.5828125 0.5078125 0.0703125 0.065625
0 0.2140625 0.3390625 0.0234375 0.025
0 0.00625 0.3890625 0.0140625 0.021875
0 0.01875 0.35625 0.0390625 0.046875
0 0.3 0.44375 0.0234375 0.015625