0 0.4703125 0.525 0.0328125 0.0125
0 0.4953125 0.484375 0.05625 0.0671875
0 0.5203125 0.509375 0.0640625 0.06875
0 0.4328125 0.471875 0.071875 0.01875
0 0.35625 0.2375 0.096875 0.096875
0 0.440625 0.225 0.0625 0.0609375
0 0.3828125 0.153125 0.1078125 0.1140625
0 0.49375 0.6046875 0.09375 0.096875
0 0.1328125 0.7421875 0.0203125 0.009375
0 0.525 0.2046875 0.0078125 0.0125
0 0.6890625 0.6203125 0.040625 0.0421875
0 0.6390625 0.6484375 0.03125 0.034375
0 0.5171875 0.359375 0.15 0.159375
0 0.259375 0.3421875 0.0046875 0.003125