0 0.36875 0.2984375 0.0375 0.05625
0 0.346875 0.225 0.06875 0.0515625
0 0.921875 0.8296875 0.1 0.1
0 0.921875 0.709375 0.0265625 0.01875
0 0.8984375 0.71875 0.021875 0.0234375
0 0.8703125 0.7296875 0.0328125 0.0328125
0 0.8890625 0.70625 0.0359375 0.0328125
0 0.91875 0.6890625 0.034375 0.03125
0 0.2984375 0.8390625 0.0890625 0.0953125
0 0.2578125 0.8125 0.0390625 0.08125
0 0.2171875 0.80625 0.1 0.09375
0 0.590625 0.5171875 0.0671875 0.0703125
0 0.51875 0.46875 0.0765625 0.0453125
0 0.9734375 0.8953125 0.05 0.0734375
0 0.753125 0.6421875 0.028125 0.028125
0 0.815625 0.68125 0.0359375 0.025
0 0.8171875 0.6625 0.0359375 0.0359375