0 0.5109375 0.090625 0.0609375 0.053125
0 0.51875 0.03125 0.053125 0.0640625
0 0.0484375 0.434375 0.06875 0.0984375
0 0.01875 0.4625 0.0390625 0.0546875
0 0.984375 0.4984375 0.0046875 0.0015625
0 0.95 0.578125 0.0140625 0.0125
0 0.928125 0.5796875 0.03125 0.00625
0 0.90625 0.59375 0.028125 0.028125
0 0.9234375 0.56875 0.028125 0.028125
0 0.5 0.484375 0.06875 0.0703125
0 0.4390625 0.4890625 0.0546875 0.0359375
0 0.4421875 0.4453125 0.0734375 0.0734375
0 0.7109375 0.271875 0.0609375 0.0640625
0 0.65625 0.228125 0.0640625 0.0640625
0 0.7546875 0.453125 0.0140625 0.0265625
0 0.7953125 0.521875 0.028125 0.025
0 0.85 0.5359375 0.0125 0.0234375
0 0.8609375 0.5140625 0.028125 0.021875