0 0.5765625 0.784375 0.03125 0.01875
0 0.5984375 0.7625 0.034375 0.040625
0 0.6203125 0.7703125 0.03125 0.0328125
0 0.5578125 0.7828125 0.01875 0.009375
0 0.5671875 0.75625 0.0390625 0.0484375
0 0.1421875 0.7453125 0.071875 0.0734375
0 0.08125 0.7421875 0.05625 0.05
0 0.146875 0.7875 0.071875 0.0578125
0 0.5359375 0.6921875 0.05 0.0390625
0 0.253125 0.7296875 0.0015625 0.0015625
0 0.1078125 0.775 0.009375 0.0171875
0 0.5921875 0.6734375 0.04375 0.0546875
0 0.5546875 0.66875 0.053125 0.053125
0 0.6109375 0.8890625 0.046875 0.03125
0 0.384375 0.9265625 0.040625 0.0171875
0 0.0015625 0.9859375 0.003125 0.0234375
0 0.0140625 0.9671875 0.028125 0.0578125
0 0.49375 0.5828125 0.0703125 0.06875
0 0.553125 0.5453125 0.0703125 0.06875
0 0.5 0.5140625 0.0703125 0.071875
0 0.13125 0.53125 0.0578125 0.0515625
0 0.609375 0.584375 0.0203125 0.0296875
0 0.734375 0.7734375 0.0296875 0.03125
0 0.696875 0.7890625 0.0203125 0.0265625
0 0.6296875 0.8375 0.0640625 0.0703125
0 0.56875 0.7015625 0.01875 0.01875