0 0.584375 0.4828125 0.0359375 0.025
0 0.6421875 0.4828125 0.0375 0.0234375
0 0.6125 0.5046875 0.0390625 0.028125
0 0.60625 0.4515625 0.040625 0.0390625
0 0.65625 0.45625 0.04375 0.04375
0 0.453125 0.1421875 0.0515625 0.053125
0 0.40625 0.1640625 0.05 0.0515625
0 0.4390625 0.1953125 0.046875 0.0515625
0 0.1015625 0.30625 0.0328125 0.0296875
0 0.078125 0.2875 0.0359375 0.03125
0 0.6359375 0.2625 0.0296875 0.0296875
0 0.2265625 0.4796875 0.0359375 0.0296875
0 0.709375 0.525 0.0109375 0.0203125
0 0.6921875 0.5328125 0.0140625 0.0203125
0 0.6734375 0.5546875 0.0125 0.0078125
0 0.68125 0.521875 0.00625 0.0109375
0 0.6953125 0.5125 0.021875 0.021875
0 0.0484375 0.51875 0.0328125 0.0265625
0 0.0328125 0.5140625 0.009375 0.028125
0 0.01875 0.5046875 0.0375 0.03125
0 0.190625 0.3859375 0.0328125 0.0265625
0 0.15625 0.36875 0.0171875 0.0265625
0 0.4890625 0.4640625 0.075 0.0734375
0 0.6296875 0.390625 0.0671875 0.0609375
0 0.9796875 0.1109375 0.0375 0.0671875
0 0.4515625 0.215625 0.03125 0.028125
0 0.3921875 0.2 0.034375 0.034375
0 0.4296875 0.5546875 0.025 0.0328125
0 0.38125 0.54375 0.0125 0.0140625
0 0.3921875 0.55625 0.028125 0.03125
0 0.8078125 0.3796875 0.0140625 0.01875
0 0.825 0.39375 0.0125 0.021875
0 0.58125 0.4484375 0.0078125 0.0046875
0 0.5765625 0.4953125 0.0171875 0.0140625
0 0.9265625 0.4125 0.028125 0.0265625