0 0.8515625 0.48125 0.0375 0.0359375
0 0.840625 0.496875 0.01875 0.0078125
0 0.8296875 0.4921875 0.003125 0.0046875
0 0.8828125 0.4796875 0.0359375 0.034375
0 0.8828125 0.49375 0.0296875 0.0078125
0 0.9359375 0.428125 0.0484375 0.0421875
0 0.9765625 0.4203125 0.0421875 0.0296875
0 0.9109375 0.4546875 0.0109375 0.015625
0 0.8859375 0.58125 0.0359375 0.028125
0 0.4265625 0.45625 0.0484375 0.08125
0 0.3875 0.44375 0.0828125 0.0875
0 0.4703125 0.45 0.0875 0.090625
0 0.525 0.45625 0.0671875 0.0796875
0 0.4953125 0.49375 0.0109375 0.00625
0 0.934375 0.565625 0.003125 0.003125
0 0.8984375 0.2 0.034375 0.034375
0 0.7015625 0.2859375 0.0515625 0.046875
0 0.9515625 0.2109375 0.05 0.0484375
0 0.7375 0.025 0.1359375 0.0515625
0 0.75 0.0734375 0.1265625 0.115625