0 0.3875 0.6078125 0.009375 0.025
0 0.3453125 0.6390625 0.03125 0.03125
0 0.4140625 0.5984375 0.0046875 0.00625
0 0.6390625 0.390625 0.028125 0.0421875
0 0.6625 0.390625 0.040625 0.040625
0 0.6296875 0.415625 0.040625 0.040625
0 0.2640625 0.33125 0.0328125 0.0296875
0 0.4875 0.465625 0.0703125 0.0703125
0 0.5359375 0.184375 0.1609375 0.1578125
0 0.515625 0.0734375 0.125 0.1484375
0 0.6625 0.0765625 0.175 0.153125
0 0.7640625 0.7359375 0.021875 0.0328125
0 0.6671875 0.6765625 0.0390625 0.0375
0 0.7828125 0.3125 0.01875 0.0328125
0 0.6125 0.575 0.0125 0.015625
0 0.1890625 0.6328125 0.0109375 0.0015625
0 0.1875 0.5828125 0.0671875 0.0640625
0 0.2453125 0.609375 0.065625 0.05