0 0.9921875 0.6484375 0.0109375 0.021875
0 0.978125 0.6453125 0.021875 0.025
0 0.5453125 0.6484375 0.0234375 0.034375
0 0.915625 0.6890625 0.021875 0.021875
0 0.5625 0.6890625 0.00625 0.00625
0 0.921875 0.834375 0.0875 0.084375
0 0.9734375 0.8640625 0.05 0.084375
0 0.9640625 0.8125 0.0078125 0.01875
0 0.9046875 0.7984375 0.078125 0.0546875
0 0.95 0.7203125 0.028125 0.0109375
0 0.490625 0.665625 0.0015625 0.009375
0 0.278125 0.7921875 0.003125 0.0078125
0 0.6890625 0.5921875 0.01875 0.015625
0 0.7109375 0.6 0.0265625 0.0265625
0 0.80625 0.9109375 0.003125 0.003125
0 0.5484375 0.453125 0.0328125 0.0671875
0 0.5046875 0.475 0.071875 0.065625
0 0.23125 0.6140625 0.071875 0.0703125