0 0.5640625 0.128125 0.059375 0.0453125
0 0.5703125 0.0609375 0.05625 0.0421875
0 0.1828125 0.51875 0.0171875 0.015625
0 0.1078125 0.5078125 0.13125 0.0953125
0 0.9703125 0.5875 0.0125 0.0140625
0 0.953125 0.596875 0.0203125 0.01875
0 0.9296875 0.60625 0.0265625 0.01875
0 0.95625 0.5859375 0.015625 0.0171875
0 0.5625 0.515625 0.065625 0.06875
0 0.5015625 0.5171875 0.053125 0.0375
0 0.5078125 0.478125 0.0703125 0.0703125
0 0.759375 0.303125 0.059375 0.0609375
0 0.70625 0.2625 0.0625 0.0625
0 0.784375 0.465625 0.021875 0.025
0 0.8171875 0.5359375 0.0265625 0.021875
0 0.8828125 0.55 0.0328125 0.0234375
0 0.8828125 0.53125 0.025 0.03125