0 0.2421875 0.5828125 0.01875 0.0265625
0 0.28125 0.571875 0.0109375 0.00625
0 0.646875 0.5703125 0.003125 0.003125
0 0.675 0.5546875 0.01875 0.0359375
0 0.6359375 0.5765625 0.021875 0.0140625
0 0.51875 0.4765625 0.0734375 0.0734375
0 0.6015625 0.490625 0.0765625 0.078125
0 0.103125 0.421875 0.0609375 0.0578125
0 0.1390625 0.4453125 0.0546875 0.0546875
0 0.4953125 0.5375 0.046875 0.05
0 0.04375 0.5640625 0.0390625 0.040625
0 0.3890625 0.5515625 0.003125 0.003125
0 0.5984375 0.7515625 0.00625 0.00625
0 0.56875 0.725 0.0484375 0.05
0 0.6109375 0.39375 0.015625 0.0265625
0 0.2828125 0.4671875 0.0234375 0.028125
0 0.175 0.2140625 0.05625 0.0484375
0 0.109375 0.3609375 0.0296875 0.0234375