0 0.6578125 0.509375 0.0734375 0.04375
0 0.5796875 0.4609375 0.0796875 0.08125
0 0.6609375 0.4625 0.078125 0.08125
0 0.5875 0.50625 0.0671875 0.046875
0 0.51875 0.4703125 0.06875 0.0765625
0 0.0625 0.56875 0.03125 0.0125
0 0.0796875 0.56875 0.0015625 0.0015625
0 0.09375 0.575 0.028125 0.0296875
0 0.2625 0.39375 0.071875 0.065625
0 0.740625 0.5359375 0.0109375 0.009375
0 0.7140625 0.5515625 0.021875 0.0234375
0 0.90625 0.584375 0.0640625 0.0609375
0 0.85 0.5796875 0.0546875 0.05625
0 0.2453125 0.3453125 0.078125 0.0796875
0 0.184375 0.359375 0.0734375 0.075
0 0.3390625 0.6265625 0.0828125 0.0859375
0 0.4625 0.73125 0.0125 0.0484375
0 0.3109375 0.7796875 0.028125 0.04375
0 0.5265625 0.19375 0.071875 0.075
0 0.0203125 0.5359375 0.040625 0.0859375
0 0.690625 0.390625 0.003125 0.003125
0 0.8015625 0.225 0.0234375 0.0140625