0 0.39375 0.58125 0.0171875 0.0109375
0 0.346875 0.584375 0.0265625 0.040625
0 0.3625 0.5828125 0.0421875 0.04375
0 0.3078125 0.5625 0.034375 0.034375
0 0.7453125 0.559375 0.0265625 0.0296875
0 0.7125 0.5671875 0.0265625 0.0359375
0 0.65 0.6140625 0.0421875 0.0296875
0 0.6734375 0.596875 0.0015625 0.00625
0 0.2765625 0.55 0.0359375 0.0359375
0 0.2765625 0.5671875 0.0265625 0.0109375
0 0.284375 0.6796875 0.0390625 0.0375
0 0.4609375 0.7328125 0.0328125 0.028125
0 0.2375 0.55 0.025 0.025
0 0.2203125 0.5296875 0.028125 0.028125
0 0.2359375 0.5265625 0.0125 0.01875
0 0.4609375 0.51875 0.025 0.01875
0 0.3421875 0.44375 0.0390625 0.0390625
0 0.5203125 0.471875 0.0734375 0.0734375
0 0.584375 0.525 0.0703125 0.071875
0 0.2078125 0.653125 0.0359375 0.034375
0 0.7375 0.45625 0.0171875 0.009375
0 0.584375 0.3703125 0.0265625 0.03125
0 0.6875 0.4359375 0.053125 0.053125
0 0.60625 0.409375 0.0375 0.0328125