0 0.50625 0.4921875 0.0703125 0.0703125
0 0.5828125 0.5203125 0.0671875 0.04375
0 0.5125 0.5453125 0.0671875 0.05
0 0.5703125 0.4703125 0.0734375 0.071875
0 0.6390625 0.4859375 0.06875 0.071875
0 0.490625 0.1921875 0.0515625 0.05
0 0.34375 0.553125 0.025 0.0234375
0 0.3171875 0.5640625 0.025 0.021875
0 0.2875 0.575 0.0296875 0.0234375
0 0.3 0.5515625 0.0296875 0.0125
0 0.0875 0.571875 0.0546875 0.0640625
0 0.015625 0.540625 0.03125 0.025
0 0.0359375 0.571875 0.071875 0.065625
0 0.4859375 0.3953125 0.028125 0.0265625
0 0.4984375 0.4171875 0.028125 0.0265625
0 0.1796875 0.409375 0.0140625 0.0109375
0 0.2203125 0.496875 0.0078125 0.015625
0 0.2046875 0.4859375 0.025 0.0171875
0 0.6078125 0.4515625 0.003125 0.0015625