0 0.3421875 0.6859375 0.0234375 0.025
0 0.346875 0.7 0.00625 0.003125
0 0.3234375 0.6921875 0.0234375 0.0140625
0 0.3671875 0.675 0.021875 0.0140625
0 0.490625 0.5296875 0.01875 0.0109375
0 0.4859375 0.540625 0.025 0.0265625
0 0.4703125 0.5578125 0.0265625 0.0203125
0 0.0921875 0.3390625 0.0140625 0.0140625
0 0.15625 0.3265625 0.0203125 0.0234375
0 0.2796875 0.5140625 0.021875 0.0140625
0 0.2265625 0.6234375 0.059375 0.0578125
0 0.2796875 0.6453125 0.0578125 0.0609375
0 0.2546875 0.640625 0.0171875 0.03125
0 0.3578125 0.33125 0.0203125 0.00625
0 0.0984375 0.6140625 0.0484375 0.0203125
0 0.0609375 0.59375 0.0453125 0.04375
0 0.103125 0.5859375 0.0484375 0.0421875
0 0.1375 0.4875 0.021875 0.0265625
0 0.1265625 0.446875 0.0046875 0.0078125
0 0.59375 0.7546875 0.025 0.0265625
0 0.54375 0.7140625 0.0234375 0.0234375
0 0.58125 0.4765625 0.021875 0.025
0 0.55625 0.6390625 0.0203125 0.0203125
0 0.2734375 0.4359375 0.025 0.025
0 0.2828125 0.4171875 0.0265625 0.0265625
0 0.171875 0.6890625 0.0140625 0.021875
0 0.2015625 0.7015625 0.028125 0.0296875
0 0.4953125 0.46875 0.0703125 0.0734375
0 0.3640625 0.3046875 0.05625 0.05625
0 0.0390625 0.521875 0.021875 0.01875
0 0.0296875 0.5359375 0.0171875 0.015625