0 0.603125 0.5515625 0.025 0.046875
0 0.5453125 0.5734375 0.0390625 0.040625
0 0.6234375 0.5515625 0.028125 0.0390625
0 0.5984375 0.578125 0.0125 0.003125
0 0.8328125 0.321875 0.028125 0.0171875
0 0.8734375 0.3046875 0.025 0.0078125
0 0.821875 0.346875 0.0234375 0.0421875
0 0.4265625 0.2578125 0.015625 0.034375
0 0.8734375 0.334375 0.084375 0.05
0 0.834375 0.6421875 0.01875 0.0078125
0 0.9609375 0.25625 0.0359375 0.040625
0 0.728125 0.54375 0.0046875 0.009375
0 0.5703125 0.0546875 0.05 0.059375
0 0.640625 0.0171875 0.0546875 0.0359375
0 0.4828125 0.5328125 0.0609375 0.0234375
0 0.5046875 0.4765625 0.0578125 0.0546875
0 0.5390625 0.521875 0.0484375 0.065625