0 0.55625 0.63125 0.0265625 0.025
0 0.56875 0.640625 0.0046875 0.0046875
0 0.5421875 0.6453125 0.0078125 0.01875
0 0.5828125 0.6328125 0.021875 0.009375
0 0.7109375 0.4546875 0.021875 0.0125
0 0.7140625 0.4640625 0.0296875 0.03125
0 0.696875 0.48125 0.0296875 0.025
0 0.3171875 0.196875 0.0453125 0.046875
0 0.3625 0.18125 0.046875 0.0484375
0 0.4703125 0.4546875 0.0171875 0.01875
0 0.5234375 0.4734375 0.071875 0.0734375
0 0.5953125 0.4984375 0.075 0.075
0 0.4828125 0.5640625 0.0375 0.0375
0 0.6328125 0.125 0.0546875 0.0578125
0 0.090625 0.575 0.00625 0.0109375
0 0.0828125 0.5890625 0.0171875 0.0234375
0 0.10625 0.571875 0.0265625 0.01875
0 0.125 0.5625 0.025 0.0171875
0 0.33125 0.509375 0.053125 0.025
0 0.2921875 0.4859375 0.0546875 0.05
0 0.3375 0.4765625 0.0546875 0.0546875
0 0.359375 0.3875 0.0390625 0.0375
0 0.3609375 0.346875 0.0453125 0.0421875
0 0.053125 0.5390625 0.1 0.090625
0 0.8515625 0.7078125 0.03125 0.0296875
0 0.784375 0.6640625 0.028125 0.0265625
0 0.81875 0.3875 0.0296875 0.028125
0 0.7828125 0.5875 0.021875 0.0234375
0 0.4734375 0.35625 0.028125 0.0296875
0 0.4875 0.3328125 0.028125 0.03125
0 0.3765625 0.63125 0.0265625 0.0203125
0 0.421875 0.6484375 0.0015625 0.0046875
0 0.9546875 0.1703125 0.0875 0.1125
0 0.684375 0.053125 0.075 0.0796875
0 0.2203125 0.4796875 0.021875 0.0203125
0 0.2140625 0.496875 0.0203125 0.015625
0 0.0046875 0.50625 0.0109375 0.025
0 0.10625 0.54375 0.0078125 0.0109375
0 0.1140625 0.5265625 0.028125 0.0265625
0 0.2828125 0.5453125 0.01875 0.015625