0 0.6984375 0.5890625 0.009375 0.0078125
0 0.840625 0.4453125 0.021875 0.0203125
0 0.81875 0.4640625 0.028125 0.0171875
0 0.5296875 0.1890625 0.0421875 0.0421875
0 0.5734375 0.1765625 0.0421875 0.04375
0 0.81875 0.425 0.065625 0.0625
0 0.8859375 0.44375 0.06875 0.0640625
0 0.6515625 0.5265625 0.0359375 0.0328125
0 0.85625 0.1203125 0.04375 0.0375
0 0.221875 0.55 0.0046875 0.0078125
0 0.2171875 0.5625 0.0171875 0.0140625
0 0.2390625 0.55 0.0234375 0.021875
0 0.253125 0.5421875 0.0234375 0.0234375
0 0.565625 0.471875 0.04375 0.040625
0 0.5375 0.446875 0.0453125 0.0453125
0 0.58125 0.4390625 0.0484375 0.046875
0 0.5484375 0.3640625 0.0359375 0.034375
0 0.559375 0.328125 0.0359375 0.0375
0 0.48125 0.4703125 0.0703125 0.075
0 0.9640625 0.66875 0.0296875 0.0296875
0 0.8921875 0.63125 0.0265625 0.0265625
0 0.93125 0.3703125 0.0296875 0.0265625
0 0.875 0.565625 0.0234375 0.0140625
0 0.60625 0.3421875 0.0265625 0.028125
0 0.625 0.31875 0.0265625 0.028125
0 0.5421875 0.5984375 0.021875 0.0171875
0 0.5765625 0.6140625 0.0140625 0.0109375
0 0.9609375 0.0640625 0.0625 0.0625
0 0.3296875 0.4640625 0.0203125 0.01875
0 0.3234375 0.478125 0.01875 0.0171875
0 0.128125 0.415625 0.025 0.025
0 0.1421875 0.4828125 0.025 0.021875
0 0.240625 0.5140625 0.0234375 0.025
0 0.2578125 0.503125 0.0265625 0.0234375
0 0.38125 0.528125 0.003125 0.0140625