0 0.1046875 0.8265625 0.00625 0.009375
0 0.115625 0.8296875 0.00625 0.0015625
0 0.1015625 0.8328125 0.0078125 0.0046875
0 0.1125 0.825 0.0109375 0.009375
0 0.1234375 0.825 0.009375 0.009375
0 0.1265625 0.76875 0.0078125 0.0078125
0 0.115625 0.771875 0.009375 0.0109375
0 0.1171875 0.7796875 0.009375 0.00625
0 0.103125 0.7515625 0.009375 0.009375
0 0.0015625 0.8234375 0.003125 0.0109375
0 0.5734375 0.4765625 0.0296875 0.0359375
0 0.4953125 0.4796875 0.046875 0.0484375
0 0.528125 0.45625 0.0796875 0.0765625
0 0.609375 0.4390625 0.0734375 0.0796875
0 0.6640625 0.44375 0.05625 0.075
0 0.1203125 0.1234375 0.1171875 0.121875
0 0.2484375 0.128125 0.1140625 0.1171875
0 0.03125 0.7890625 0.0078125 0.0046875
0 0.0234375 0.79375 0.00625 0.00625
0 0.0140625 0.796875 0.009375 0.0078125
0 0.0203125 0.790625 0.009375 0.0078125
0 0.0296875 0.7859375 0.0078125 0.0078125
0 0.1578125 0.8609375 0.0078125 0.0109375
0 0.165625 0.840625 0.0109375 0.0078125
0 0.146875 0.7421875 0.009375 0.009375
0 0.2234375 0.7984375 0.009375 0.009375
0 0.0609375 0.73125 0.009375 0.009375
0 0.05 0.7296875 0.009375 0.009375
0 0.0265625 0.834375 0.0046875 0.0078125
0 0.0109375 0.8328125 0.0078125 0.0078125
0 0.021875 0.8390625 0.0078125 0.009375
0 0.08125 0.7390625 0.0078125 0.0078125
0 0.084375 0.746875 0.00625 0.003125
0 0.0015625 0.7875 0.003125 0.003125
0 0.0015625 0.78125 0.0046875 0.0078125
0 0.1203125 0.7609375 0.00625 0.0078125