0 0.8640625 0.621875 0.028125 0.01875
0 0.8734375 0.634375 0.0203125 0.0140625
0 0.8421875 0.6375 0.0265625 0.0265625
0 0.8953125 0.6140625 0.028125 0.0265625
0 0.9046875 0.6265625 0.021875 0.01875
0 0.9890625 0.434375 0.0171875 0.034375
0 0.46875 0.2234375 0.04375 0.04375
0 0.5 0.1984375 0.0453125 0.0453125
0 0.7640625 0.4390625 0.0234375 0.0265625
0 0.5203125 0.471875 0.071875 0.075
0 0.5796875 0.4859375 0.0796875 0.0796875
0 0.703125 0.5484375 0.040625 0.0265625
0 0.44375 0.60625 0.00625 0.0046875
0 0.4390625 0.60625 0.0015625 0.003125
0 0.446875 0.5875 0.0203125 0.00625
0 0.459375 0.5828125 0.0109375 0.0171875
0 0.48125 0.5203125 0.0453125 0.0390625
0 0.4359375 0.5015625 0.0375 0.046875
0 0.471875 0.4890625 0.0453125 0.0515625
0 0.5484375 0.390625 0.0359375 0.0359375
0 0.5359375 0.3578125 0.0390625 0.040625
0 0.10625 0.578125 0.0796875 0.0734375
0 0.725 0.3390625 0.0296875 0.025
0 0.7234375 0.3109375 0.025 0.0296875
0 0.6390625 0.6296875 0.0328125 0.0140625
0 0.671875 0.6421875 0.0234375 0.01875
0 0.725 0.065625 0.1296875 0.13125
0 0.621875 0.0203125 0.0703125 0.040625
0 0.54375 0.5015625 0.0015625 0.0015625
0 0.5453125 0.5109375 0.0140625 0.015625
0 0.3328125 0.48125 0.0234375 0.021875
0 0.3515625 0.5390625 0.0171875 0.01875
0 0.4234375 0.5625 0.0234375 0.01875
0 0.428125 0.553125 0.0109375 0.0140625
0 0.6203125 0.5515625 0.01875 0.01875