0 0.51875 0.4875 0.0625 0.0640625
0 0.6125 0.5015625 0.0703125 0.0453125
0 0.5734375 0.540625 0.0578125 0.0484375
0 0.553125 0.45625 0.078125 0.0765625
0 0.6375 0.459375 0.0765625 0.078125
0 0.2375 0.0078125 0.046875 0.0171875
0 0.609375 0.153125 0.028125 0.0109375
0 0.7171875 0.5484375 0.021875 0.025
0 0.6953125 0.5578125 0.025 0.025
0 0.671875 0.5515625 0.0296875 0.025
0 0.7 0.53125 0.03125 0.0296875
0 0.075 0.5015625 0.15 0.2609375
0 0.5484375 0.2875 0.184375 0.178125
0 0.33125 0.090625 0.0484375 0.053125
0 0.2421875 0.06875 0.0515625 0.053125
0 0.2984375 0.60625 0.05 0.053125
0 0.2640625 0.5859375 0.015625 0.01875
0 0.24375 0.6140625 0.0515625 0.0375
0 0.84375 0.35625 0.03125 0.0296875
0 0.8703125 0.375 0.0296875 0.03125
0 0.996875 0.4 0.003125 0.021875