0 0.7921875 0.5390625 0.0484375 0.0265625
0 0.784375 0.565625 0.015625 0.009375
0 0.74375 0.55625 0.046875 0.021875
0 0.8359375 0.528125 0.034375 0.04375
0 0.825 0.5546875 0.0265625 0.0109375
0 0.8140625 0.265625 0.1015625 0.1
0 0.028125 0.475 0.0296875 0.0203125
0 0.0078125 0.4828125 0.015625 0.0125
0 0.015625 0.45625 0.0328125 0.040625
0 0.0390625 0.446875 0.034375 0.0375
0 0.653125 0.0203125 0.0546875 0.0421875
0 0.528125 0.5328125 0.05 0.025
0 0.50625 0.4859375 0.05625 0.06875
0 0.584375 0.5078125 0.065625 0.0640625
0 0.0015625 0.38125 0.0046875 0.009375
0 0.015625 0.3515625 0.0328125 0.0453125
0 0.29375 0.44375 0.028125 0.0203125