0 0.7375 0.628125 0.0328125 0.0484375
0 0.9109375 0.3609375 0.1734375 0.190625
0 0.43125 0.4421875 0.075 0.078125
0 0.4953125 0.4609375 0.071875 0.0765625
0 0.03125 0.8640625 0.0046875 0.0078125
0 0.959375 0.7375 0.034375 0.0171875
0 0.9125 0.790625 0.0703125 0.0703125
0 0.0625 0.7671875 0.01875 0.003125
0 0.0140625 0.7984375 0.028125 0.0421875
0 0.0515625 0.7921875 0.04375 0.0484375
0 0.109375 0.778125 0.028125 0.034375
0 0.471875 0.15 0.0703125 0.0703125
0 0.0796875 0.9 0.0015625 0.00625
0 0.1421875 0.8375 0.0078125 0.0078125