0 0.7796875 0.8671875 0.0296875 0.034375
0 0.759375 0.8796875 0.0265625 0.0265625
0 0.8109375 0.859375 0.0109375 0.0234375
0 0.953125 0.65625 0.0421875 0.0265625
0 0.94375 0.675 0.04375 0.040625
0 0.925 0.6953125 0.040625 0.0375
0 0.2921875 0.5125 0.03125 0.0296875
0 0.3328125 0.496875 0.05 0.0328125
0 0.6859375 0.6375 0.028125 0.028125
0 0.5796875 0.8703125 0.046875 0.04375
0 0.4984375 0.48125 0.0703125 0.071875
0 0.3546875 0.7671875 0.009375 0.0171875
0 0.3484375 0.775 0.01875 0.0125
0 0.3578125 0.7640625 0.009375 0.021875
0 0.38125 0.75 0.01875 0.021875
0 0.409375 0.690625 0.04375 0.0390625
0 0.3875 0.659375 0.0453125 0.0453125
0 0.6328125 0.5578125 0.0328125 0.0265625
0 0.63125 0.5390625 0.034375 0.03125
0 0.5734375 0.909375 0.021875 0.0203125
0 0.321875 0.55625 0.1015625 0.1015625
0 0.4796875 0.640625 0.0203125 0.0203125
0 0.4796875 0.65625 0.0203125 0.0125
0 0.2453125 0.6421875 0.01875 0.0234375
0 0.2625 0.7078125 0.0234375 0.021875
0 0.3328125 0.7421875 0.0234375 0.0265625
0 0.3421875 0.734375 0.0265625 0.025
0 0.5640625 0.69375 0.0046875 0.0109375