0 0.978125 0.940625 0.0390625 0.046875
0 0.9484375 0.9515625 0.04375 0.0484375
0 0.43125 0.509375 0.06875 0.06875
0 0.4796875 0.484375 0.0703125 0.071875
0 0.79375 0.9734375 0.065625 0.05
0 0.865625 0.4078125 0.128125 0.0828125
0 0.440625 0.7890625 0.01875 0.025
0 0.4171875 0.8 0.0203125 0.028125
0 0.40625 0.8125 0.025 0.0234375
0 0.4265625 0.7953125 0.028125 0.028125
0 0.4453125 0.7796875 0.0265625 0.028125
0 0.5609375 0.7375 0.0578125 0.05
0 0.540625 0.6953125 0.065625 0.0609375
0 0.7203125 0.98125 0.01875 0.015625
0 0.6796875 0.996875 0.0390625 0.0015625
0 0.7375 0.9921875 0.0265625 0.0109375
0 0.80625 0.5515625 0.2546875 0.2484375
0 0.5546875 0.653125 0.0140625 0.021875
0 0.5546875 0.6671875 0.0109375 0.0109375
0 0.2875 0.65625 0.028125 0.028125
0 0.309375 0.73125 0.0265625 0.028125
0 0.3953125 0.775 0.028125 0.03125
0 0.4078125 0.765625 0.03125 0.0296875
0 0.6375 0.715625 0.021875 0.021875