0 0.8125 0.29375 0.0578125 0.053125
0 0.7984375 0.25625 0.0578125 0.059375
0 0.765625 0.3171875 0.0578125 0.05625
0 0.040625 0.1109375 0.08125 0.0796875
0 0.03125 0.059375 0.0640625 0.1109375
0 0.6 0.3671875 0.0375 0.0203125
0 0.0421875 0.2640625 0.0421875 0.0515625
0 0.1 0.3046875 0.01875 0.0046875
0 0.1609375 0.4609375 0.0078125 0.00625
0 0.4296875 0.2921875 0.0421875 0.021875
0 0.159375 0.4359375 0.0453125 0.040625
0 0.61875 0.384375 0.0078125 0.0203125
0 0.634375 0.359375 0.0234375 0.03125
0 0.553125 0.540625 0.0046875 0.0046875
0 0.4375 0.534375 0.0453125 0.0484375
0 0.4640625 0.4234375 0.0796875 0.08125
0 0.503125 0.4703125 0.0734375 0.065625
0 0.4171875 0.453125 0.0640625 0.075
0 0.8078125 0.3203125 0.0234375 0.00625
0 0.7828125 0.2921875 0.0015625 0.0015625
0 0.8359375 0.271875 0.015625 0.0265625
0 0.634375 0.06875 0.05625 0.0609375
0 0.475 0.309375 0.0171875 0.0109375
0 0.7109375 0.4625 0.0046875 0.0046875
0 0.071875 0.0828125 0.0125 0.009375