0 0.1734375 0.9640625 0.0484375 0.0453125
0 0.140625 0.978125 0.0015625 0.0015625
0 0.2265625 0.9625 0.053125 0.059375
0 0.2703125 0.9578125 0.0453125 0.05625
0 0.325 0.659375 0.0640625 0.065625
0 0.271875 0.6765625 0.071875 0.0703125
0 0.2796875 0.71875 0.0484375 0.0484375
0 0.1578125 0.621875 0.04375 0.0421875
0 0.490625 0.46875 0.0703125 0.0734375
0 0.7453125 0.828125 0.05 0.053125
0 0.071875 0.63125 0.0171875 0.0234375
0 0.0875 0.6484375 0.025 0.003125
0 0.1921875 0.7078125 0.0234375 0.0046875