0 0.528125 0.4953125 0.071875 0.0578125
0 0.615625 0.490625 0.0734375 0.05625
0 0.5890625 0.540625 0.0625 0.0421875
0 0.5390625 0.4546875 0.078125 0.078125
0 0.6203125 0.4484375 0.0828125 0.0796875
0 0.0890625 0.009375 0.0609375 0.0203125
0 0.1625 0.034375 0.0890625 0.0703125
0 0.015625 0.3078125 0.03125 0.028125
0 0.671875 0.15 0.03125 0.05625
0 0.0796875 0.53125 0.0546875 0.053125
0 0.875 0.53125 0.03125 0.0296875
0 0.8515625 0.546875 0.021875 0.028125
0 0.8171875 0.5671875 0.03125 0.0265625
0 0.8171875 0.5328125 0.0296875 0.0234375
0 0.846875 0.515625 0.03125 0.0265625
0 0.08125 0.3890625 0.0015625 0.0046875
0 0.0578125 0.3890625 0.0375 0.0265625
0 0.2203125 0.303125 0.18125 0.1828125
0 0.384375 0.1140625 0.0484375 0.053125
0 0.3 0.1125 0.0484375 0.0421875
0 0.38125 0.6125 0.05 0.05
0 0.346875 0.5921875 0.01875 0.015625
0 0.33125 0.6203125 0.05 0.05
0 0.9890625 0.3109375 0.01875 0.034375
0 0.709375 0.4359375 0.0234375 0.0125
0 0.74375 0.5015625 0.028125 0.01875
0 0.70625 0.5140625 0.025 0.034375
0 0.68125 0.503125 0.034375 0.021875