0 0.8296875 0.3453125 0.053125 0.0484375
0 0.8171875 0.3125 0.0546875 0.053125
0 0.7859375 0.3671875 0.05625 0.0515625
0 0.1359375 0.2171875 0.0890625 0.053125
0 0.1296875 0.1734375 0.0921875 0.09375
0 0.6203125 0.4046875 0.03125 0.0328125
0 0.1171875 0.315625 0.04375 0.0453125
0 0.1453125 0.3328125 0.015625 0.0359375
0 0.2109375 0.4890625 0.028125 0.00625
0 0.4625 0.33125 0.0203125 0.028125
0 0.209375 0.4671875 0.0359375 0.0359375
0 0.6453125 0.4171875 0.00625 0.0109375
0 0.6609375 0.396875 0.0234375 0.034375
0 0.58125 0.5671875 0.0046875 0.003125
0 0.475 0.565625 0.040625 0.0453125
0 0.5203125 0.4828125 0.071875 0.071875
0 0.553125 0.521875 0.0671875 0.059375
0 0.4734375 0.50625 0.0546875 0.06875
0 0.8 0.340625 0.0015625 0.0078125
0 0.85 0.315625 0.00625 0.0203125
0 0.6625 0.1359375 0.0515625 0.053125
0 0.7265625 0.4921875 0.003125 0.0015625