0 0.6890625 0.159375 0.04375 0.046875
0 0.728125 0.1328125 0.0484375 0.046875
0 0.903125 0.4015625 0.0265625 0.0109375
0 0.9 0.3625 0.0796875 0.075
0 0.96875 0.3703125 0.059375 0.0796875
0 0.9109375 0.4984375 0.04375 0.0375
0 0.984375 0.0078125 0.0265625 0.015625
0 0.546875 0.5796875 0.009375 0.0140625
0 0.5625 0.5546875 0.0171875 0.0015625
0 0.578125 0.55 0.0140625 0.0203125
0 0.7328125 0.4515625 0.05 0.03125
0 0.6921875 0.4296875 0.0515625 0.046875
0 0.734375 0.4140625 0.053125 0.0515625
0 0.7546875 0.334375 0.0390625 0.0390625
0 0.75 0.2953125 0.0453125 0.0421875
0 0.4765625 0.471875 0.075 0.0734375
0 0.8828125 0.290625 0.0296875 0.0296875
0 0.89375 0.2609375 0.0328125 0.0328125
0 0.825 0.603125 0.0078125 0.0046875
0 0.8046875 0.5828125 0.0125 0.028125
0 0.8625 0.59375 0.0140625 0.0109375
0 0.6515625 0.4625 0.0203125 0.015625
0 0.6515625 0.484375 0.015625 0.009375
0 0.446875 0.446875 0.01875 0.0203125
0 0.465625 0.5109375 0.0203125 0.0140625
0 0.546875 0.525 0.0234375 0.0234375
0 0.559375 0.5140625 0.0234375 0.021875
0 0.7171875 0.5234375 0.0140625 0.0109375