0 0.875 0.4578125 0.065625 0.059375
0 0.89375 0.4859375 0.0546875 0.04375
0 0.834375 0.4953125 0.0578125 0.05625
0 0.9359375 0.446875 0.0640625 0.059375
0 0.953125 0.4703125 0.0484375 0.0453125
0 0.7015625 0.1828125 0.046875 0.0484375
0 0.471875 0.1640625 0.109375 0.1140625
0 0.271875 0.496875 0.0078125 0.015625
0 0.234375 0.5125 0.0109375 0.0078125
0 0.2140625 0.5171875 0.0265625 0.01875
0 0.2328125 0.478125 0.0296875 0.0171875
0 0.2625 0.475 0.028125 0.03125
0 0.4109375 0.45 0.06875 0.071875
0 0.4828125 0.484375 0.0734375 0.0375
0 0.4078125 0.3546875 0.0171875 0.021875
0 0.4046875 0.3765625 0.00625 0.00625
0 0.065625 0.315625 0.0375 0.0328125
0 0.0921875 0.4078125 0.0390625 0.034375
0 0.18125 0.428125 0.0234375 0.0234375
0 0.1828125 0.4015625 0.0375 0.0375