0 0.5234375 0.6140625 0.0046875 0.0078125
0 0.5125 0.6125 0.003125 0.00625
0 0.5171875 0.6125 0.00625 0.0078125
0 0.5203125 0.6140625 0.0015625 0.00625
0 0.4984375 0.60625 0.00625 0.00625
0 0.5890625 0.609375 0.003125 0.0046875
0 0.5734375 0.61875 0.0015625 0.0046875
0 0.5 0.471875 0.0484375 0.0703125
0 0.396875 0.4703125 0.08125 0.078125
0 0.4734375 0.484375 0.0828125 0.0859375
0 0.4328125 0.4828125 0.0203125 0.059375
0 0.34375 0.471875 0.0578125 0.075
0 0.4828125 0.3046875 0.009375 0.0421875
0 0.5296875 0.328125 0.0390625 0.046875
0 0.509375 0.33125 0.0484375 0.0515625
0 0.4921875 0.6046875 0.00625 0.00625
0 0.4875 0.6046875 0.0015625 0.0046875
0 0.496875 0.6328125 0.0078125 0.00625
0 0.534375 0.6453125 0.0046875 0.0046875
0 0.625 0.628125 0.0078125 0.0078125
0 0.634375 0.628125 0.00625 0.0078125
0 0.628125 0.6328125 0.003125 0.003125
0 0.61875 0.628125 0.00625 0.0078125
0 0.4703125 0.596875 0.00625 0.003125
0 0.5265625 0.59375 0.0015625 0.0015625
0 0.509375 0.5828125 0.0078125 0.00625
0 0.55 0.6015625 0.0078125 0.0078125
0 0.5578125 0.6078125 0.0078125 0.0078125
0 0.4734375 0.628125 0.0078125 0.00625
0 0.5578125 0.56875 0.003125 0.0046875
0 0.5765625 0.5890625 0.0078125 0.0078125
0 0.5640625 0.5765625 0.003125 0.0046875
0 0.68125 0.61875 0.003125 0.003125
0 0.3421875 0.7125 0.046875 0.0484375
0 0.271875 0.625 0.053125 0.0515625
0 0.4390625 0.2796875 0.0234375 0.03125
0 0.009375 0.4296875 0.0203125 0.046875