0 0.6546875 0.6546875 0.028125 0.0234375
0 0.6484375 0.6765625 0.0046875 0.00625
0 0.684375 0.6421875 0.025 0.0078125
0 0.428125 0.1171875 0.059375 0.0625
0 0.4859375 0.0953125 0.0609375 0.0640625
0 0.5546875 0.453125 0.0234375 0.0265625
0 0.8515625 0.475 0.121875 0.1140625
0 0.9546875 0.5140625 0.0859375 0.11875
0 0.609375 0.584375 0.0453125 0.046875
0 0.4640625 0.5265625 0.06875 0.0515625
0 0.4171875 0.4890625 0.0703125 0.0703125
0 0.48125 0.478125 0.0734375 0.071875
0 0.465625 0.3640625 0.0484375 0.0484375
0 0.4734375 0.3140625 0.05625 0.0546875
0 0.1421875 0.590625 0.1734375 0.1625
0 0.9953125 0.746875 0.00625 0.0265625
0 0.9234375 0.696875 0.0265625 0.0296875
0 0.9703125 0.3734375 0.0390625 0.034375
0 0.8953125 0.5953125 0.0203125 0.00625
0 0.5640625 0.3375 0.0328125 0.034375
0 0.5859375 0.3078125 0.034375 0.0375
0 0.48125 0.6828125 0.015625 0.003125
0 0.46875 0.6546875 0.0390625 0.0265625
0 0.509375 0.6765625 0.0375 0.0234375
0 0.253125 0.48125 0.0234375 0.021875
0 0.246875 0.4984375 0.0234375 0.021875
0 0.003125 0.428125 0.00625 0.021875
0 0.0109375 0.509375 0.0234375 0.0296875
0 0.3171875 0.5515625 0.0125 0.00625