0 0.2515625 0.778125 0.0234375 0.0296875
0 0.7203125 0.7671875 0.0609375 0.0765625
0 0.690625 0.7515625 0.075 0.0796875
0 0.653125 0.8078125 0.075 0.078125
0 0.50625 0.71875 0.0171875 0.015625
0 0.1875 0.796875 0.0828125 0.084375
0 0.5171875 0.715625 0.0140625 0.015625
0 0.528125 0.6984375 0.0125 0.0328125
0 0.2671875 0.9734375 0.059375 0.05
0 0.7359375 0.6421875 0.0421875 0.0421875
0 0.771875 0.6109375 0.040625 0.028125
0 0.48125 0.478125 0.0734375 0.071875
0 0.640625 0.8546875 0.0015625 0.0015625