0 0.7296875 0.815625 0.0171875 0.03125
0 0.690625 0.8421875 0.003125 0.0015625
0 0.753125 0.8046875 0.0375 0.0390625
0 0.9390625 0.575 0.0234375 0.0234375
0 0.9625 0.5921875 0.04375 0.0390625
0 0.9328125 0.6203125 0.0390625 0.03125
0 0.4640625 0.225 0.0828125 0.084375
0 0.5484375 0.1984375 0.0859375 0.0875
0 0.5890625 0.5546875 0.03125 0.0328125
0 0.69375 0.80625 0.0625 0.0671875
0 0.1078125 0.7 0.025 0.025
0 0.084375 0.7140625 0.0234375 0.03125
0 0.071875 0.7296875 0.03125 0.0328125
0 0.0984375 0.70625 0.0359375 0.0328125
0 0.121875 0.690625 0.034375 0.0328125
0 0.5265625 0.8734375 0.0890625 0.0609375
0 0.4578125 0.8203125 0.1046875 0.1109375
0 0.559375 0.8171875 0.1140625 0.11875
0 0.5078125 0.5359375 0.0625 0.0625
0 0.521875 0.4796875 0.0765625 0.071875
0 0.9796875 0.7171875 0.025 0.028125
0 0.6109375 0.4359375 0.040625 0.040625
0 0.640625 0.4078125 0.04375 0.04375
0 0.559375 0.8921875 0.03125 0.028125
0 0.24375 0.5640625 0.028125 0.025
0 0.2359375 0.5828125 0.0265625 0.0203125
0 0.0828125 0.6734375 0.0359375 0.034375
0 0.1078125 0.6609375 0.040625 0.0296875
0 0.3203125 0.640625 0.021875 0.0234375