0 0.86875 0.3046875 0.0578125 0.053125
0 0.8578125 0.265625 0.0609375 0.0578125
0 0.8234375 0.328125 0.059375 0.05625
0 0.1296875 0.1375 0.096875 0.0609375
0 0.121875 0.0796875 0.103125 0.1078125
0 0.640625 0.3734375 0.034375 0.0203125
0 0.1078125 0.28125 0.0546875 0.0359375
0 0.1453125 0.296875 0.025 0.0390625
0 0.4828125 0.2828125 0.0375 0.0609375
0 0.209375 0.4375 0.040625 0.0328125
0 0.6421875 0.4015625 0.003125 0.003125
0 0.678125 0.3671875 0.0265625 0.03125
0 0.603125 0.546875 0.009375 0.0046875
0 0.490625 0.54375 0.0421875 0.046875
0 0.55 0.4359375 0.078125 0.08125
0 0.5828125 0.48125 0.0734375 0.0640625
0 0.496875 0.4640625 0.0625 0.0734375
0 0.84375 0.3125 0.021875 0.0296875
0 0.890625 0.2734375 0.0078125 0.0234375
0 0.6921875 0.08125 0.0546875 0.059375
0 0.5140625 0.321875 0.025 0.0203125
0 0.75625 0.4671875 0.0078125 0.0015625