0 0.3125 0.5921875 0.0234375 0.0328125
0 0.3390625 0.5828125 0.0296875 0.021875
0 0.36875 0.5765625 0.015625 0.0203125
0 0.7390625 0.5265625 0.028125 0.021875
0 0.4234375 0.459375 0.0640625 0.0703125
0 0.484375 0.4671875 0.0734375 0.0734375
0 0.140625 0.4421875 0.05 0.05
0 0.1796875 0.459375 0.046875 0.0484375
0 0.1125 0.6 0.0234375 0.015625
0 0.4984375 0.5203125 0.0125 0.0375
0 0.1234375 0.5828125 0.015625 0.015625
0 0.4453125 0.6734375 0.0140625 0.0125
0 0.63125 0.69375 0.046875 0.05625
0 0.6203125 0.7234375 0.00625 0.003125
0 0.6328125 0.490625 0.009375 0.0109375
0 0.6359375 0.359375 0.0328125 0.0171875
0 0.375 0.4640625 0.028125 0.0171875
0 0.190625 0.2578125 0.05 0.0484375
0 0.025 0.5140625 0.003125 0.0109375