0 0.9671875 0.484375 0.0625 0.0609375
0 0.978125 0.51875 0.040625 0.028125
0 0.9265625 0.521875 0.0625 0.05625
0 0.7734375 0.2015625 0.0484375 0.05
0 0.6375 0.20625 0.1078125 0.1140625
0 0.3203125 0.5109375 0.0078125 0.0078125
0 0.2875 0.525 0.0171875 0.015625
0 0.2671875 0.5328125 0.0203125 0.01875
0 0.2875 0.5078125 0.0140625 0.0203125
0 0.3171875 0.4890625 0.0171875 0.0328125
0 0.5625 0.490625 0.025 0.0375
0 0.525 0.4828125 0.06875 0.071875
0 0.59375 0.5015625 0.0734375 0.0734375
0 0.4484375 0.3734375 0.0109375 0.0203125
0 0.4578125 0.390625 0.021875 0.0140625
0 0.1484375 0.409375 0.01875 0.0109375
0 0.2171875 0.4453125 0.0109375 0.009375
0 0.565625 0.45625 0.0234375 0.021875