0 0.66875 0.915625 0.0359375 0.0390625
0 0.6375 0.9296875 0.0359375 0.0265625
0 0.7 0.903125 0.0359375 0.0328125
0 0.6875 0.8890625 0.009375 0.00625
0 0.8765625 0.703125 0.03125 0.0296875
0 0.8890625 0.7203125 0.04375 0.0421875
0 0.8578125 0.7390625 0.0328125 0.0375
0 0.4015625 0.4984375 0.071875 0.0703125
0 0.4734375 0.48125 0.075 0.071875
0 0.5515625 0.6625 0.0265625 0.03125
0 0.6203125 0.9625 0.0515625 0.0640625
0 0.96875 0.4890625 0.059375 0.1
0 0.0765625 0.80625 0.0171875 0.0234375
0 0.0640625 0.8234375 0.0296875 0.0296875
0 0.090625 0.8 0.0328125 0.0296875
0 0.115625 0.7828125 0.0265625 0.028125
0 0.453125 0.740625 0.05625 0.0453125
0 0.4578125 0.6953125 0.0671875 0.0609375
0 0.9203125 0.80625 0.0234375 0.028125
0 0.5671875 0.5703125 0.0328125 0.0375
0 0.590625 0.5515625 0.0390625 0.040625
0 0.45 0.9796875 0.0328125 0.0359375
0 0.5 0.9921875 0.034375 0.0125
0 0.2296875 0.646875 0.0265625 0.0234375
0 0.225 0.665625 0.025 0.01875
0 0.0734375 0.7765625 0.0296875 0.0375
0 0.0984375 0.7671875 0.0375 0.034375
0 0.3046875 0.7140625 0.021875 0.0234375