0 0.475 0.8671875 0.01875 0.0171875
0 0.459375 0.8734375 0.025 0.0203125
0 0.51875 0.85 0.015625 0.0203125
0 0.6578125 0.6703125 0.0328125 0.01875
0 0.65625 0.6859375 0.0359375 0.034375
0 0.6359375 0.703125 0.0359375 0.034375
0 0.1328125 0.490625 0.059375 0.05625
0 0.1828125 0.4765625 0.0609375 0.05625
0 0.396875 0.6390625 0.0265625 0.0296875
0 0.3609375 0.8734375 0.046875 0.0515625
0 0.484375 0.471875 0.0671875 0.053125
0 0.0078125 0.765625 0.0078125 0.0078125
0 0.003125 0.765625 0.00625 0.015625
0 0.0125 0.7484375 0.0265625 0.0265625
0 0.153125 0.925 0.0015625 0.00625
0 0.0625 0.9125 0.0578125 0.06875
0 0.11875 0.9109375 0.0671875 0.05625
0 0.2 0.6953125 0.0390625 0.0171875
0 0.1984375 0.6375 0.05 0.028125
0 0.8078125 0.965625 0.028125 0.0328125
0 0.734375 0.896875 0.0234375 0.0296875
0 0.7765625 0.5921875 0.034375 0.034375
0 0.7421875 0.771875 0.0265625 0.028125
0 0.3828125 0.5578125 0.03125 0.0265625
0 0.39375 0.5390625 0.034375 0.034375
0 0.284375 0.9125 0.021875 0.0328125
0 0.253125 0.9125 0.0296875 0.025
0 0.3046875 0.921875 0.028125 0.0375
0 0.4890625 0.546875 0.1046875 0.1078125
0 0.14375 0.63125 0.0015625 0.0078125
0 0.0015625 0.7296875 0.003125 0.0171875