0 0.84375 0.8125 0.0390625 0.028125
0 0.93125 0.8046875 0.0015625 0.0015625
0 0.3625 0.140625 0.0875 0.0921875
0 0.4328125 0.0953125 0.0921875 0.096875
0 0.7296875 0.5140625 0.0328125 0.0359375
0 0.7421875 0.7671875 0.0734375 0.075
0 0.2625 0.684375 0.003125 0.003125
0 0.246875 0.7078125 0.0078125 0.009375
0 0.278125 0.684375 0.0296875 0.015625
0 0.2953125 0.684375 0.0015625 0.0015625
0 0.38125 0.8015625 0.1125 0.0828125
0 0.2765625 0.7515625 0.0984375 0.1171875
0 0.36875 0.74375 0.121875 0.1265625
0 0.496875 0.475 0.0625 0.0640625
0 0.4765625 0.409375 0.0765625 0.078125
0 0.703125 0.3703125 0.01875 0.0328125
0 0.7203125 0.3359375 0.025 0.0421875
0 0.6125 0.859375 0.0109375 0.003125
0 0.5875 0.8359375 0.0453125 0.0515625
0 0.6578125 0.8515625 0.021875 0.0515625
0 0.41875 0.5515625 0.0265625 0.025
0 0.4109375 0.5703125 0.0125 0.01875
0 0.1234375 0.5296875 0.034375 0.03125
0 0.146875 0.615625 0.034375 0.03125
0 0.2484375 0.6546875 0.034375 0.034375
0 0.2640625 0.6421875 0.0375 0.034375
0 0.5046875 0.6234375 0.0234375 0.0234375