0 0.440625 0.7046875 0.0421875 0.034375
0 0.4484375 0.684375 0.0234375 0.0078125
0 0.4859375 0.7609375 0.0125 0.015625
0 0.715625 0.7671875 0.0046875 0.0078125
0 0.8125 0.6234375 0.065625 0.065625
0 0.8421875 0.596875 0.075 0.0734375
0 0.7609375 0.5984375 0.075 0.071875
0 0.96875 0.88125 0.0578125 0.084375
0 0.896875 0.921875 0.0515625 0.0609375
0 0.609375 0.91875 0.034375 0.021875
0 0.6484375 0.8828125 0.00625 0.0015625
0 0.4796875 0.540625 0.065625 0.0671875
0 0.503125 0.4875 0.06875 0.0703125
0 0.4375 0.4796875 0.0671875 0.065625
0 0.6890625 0.8046875 0.084375 0.0875
0 0.9171875 0.5421875 0.0375 0.0203125