0 0.9671875 0.471875 0.0609375 0.0421875
0 0.9265625 0.4328125 0.06875 0.0640625
0 0.9796875 0.4375 0.0359375 0.065625
0 0.903125 0.46875 0.0609375 0.046875
0 0.859375 0.440625 0.0640625 0.0640625
0 0.334375 0.5 0.046875 0.05
0 0.353125 0.50625 0.0296875 0.0390625
0 0.3734375 0.5265625 0.0484375 0.0421875
0 0.6171875 0.6171875 0.0265625 0.0234375
0 0.6359375 0.3640625 0.059375 0.0578125
0 0.996875 0.5484375 0.0015625 0.01875
0 0.653125 0.325 0.0640625 0.065625
0 0.584375 0.3328125 0.0640625 0.0640625
0 0.7640625 0.559375 0.0703125 0.06875
0 0.734375 0.671875 0.04375 0.053125
0 0.3328125 0.284375 0.0609375 0.0625
0 0.3484375 0.2265625 0.0640625 0.0640625
0 0.2921875 0.228125 0.0546875 0.0609375
0 0.459375 0.38125 0.021875 0.021875
0 0.86875 0.2140625 0.0625 0.0625
0 0.49375 0.4734375 0.071875 0.075
0 0.965625 0.325 0.0265625 0.028125