0 0.49375 0.521875 0.05 0.0515625
0 0.5859375 0.51875 0.0671875 0.0625
0 0.5453125 0.5515625 0.0640625 0.0671875
0 0.53125 0.4875 0.071875 0.071875
0 0.609375 0.4890625 0.075 0.071875
0 0.146875 0.009375 0.0671875 0.0203125
0 0.215625 0.0390625 0.0875 0.0796875
0 0.5875 0.1890625 0.0296875 0.021875
0 0.7078125 0.5625 0.025 0.015625
0 0.6796875 0.56875 0.0265625 0.0234375
0 0.6625 0.5765625 0.009375 0.0015625
0 0.6578125 0.559375 0.0296875 0.0296875
0 0.6859375 0.5421875 0.028125 0.0265625
0 0.071875 0.5796875 0.1453125 0.2234375
0 0.496875 0.3734375 0.1609375 0.159375
0 0.3265625 0.125 0.05 0.053125
0 0.240625 0.1046875 0.053125 0.0546875
0 0.290625 0.6296875 0.046875 0.034375
0 0.2515625 0.5953125 0.003125 0.0015625
0 0.240625 0.63125 0.053125 0.0375
0 0.825 0.3703125 0.01875 0.03125
0 0.8484375 0.3890625 0.025 0.0296875
0 0.984375 0.4140625 0.0265625 0.0359375