0 0.2453125 0.4234375 0.1546875 0.1546875
0 0.0875 0.3625 0.175 0.1625
0 0.1421875 0.5140625 0.1546875 0.146875
0 0.415625 0.5203125 0.04375 0.040625
0 0.428125 0.8171875 0.00625 0.00625
0 0.490625 0.4875 0.04375 0.05625
0 0.4265625 0.7484375 0.021875 0.0203125
0 0.05 0.8671875 0.06875 0.0796875
0 0.690625 0.334375 0.096875 0.09375
0 0.7203125 0.3125 0.0765625 0.0796875
0 0.7359375 0.246875 0.0765625 0.096875
0 0.6359375 0.696875 0.078125 0.0734375
0 0.509375 0.840625 0.0046875 0.003125
0 0.3515625 0.7875 0.0046875 0.0046875
0 0.359375 0.809375 0.0046875 0.003125