0 0.3328125 0.590625 0.003125 0.0046875
0 0.428125 0.5921875 0.0015625 0.0015625
0 0.403125 0.6 0.0078125 0.00625
0 0.484375 0.4796875 0.0734375 0.0734375
0 0.4671875 0.525 0.0671875 0.065625
0 0.29375 0.0625 0.0609375 0.0625
0 0.409375 0.6 0.003125 0.00625
0 0.3265625 0.6171875 0.0078125 0.0078125
0 0.36875 0.63125 0.0078125 0.00625
0 0.440625 0.6109375 0.0078125 0.009375
0 0.45 0.6109375 0.0078125 0.0046875
0 0.453125 0.615625 0.0078125 0.0046875
0 0.4453125 0.6171875 0.0046875 0.003125
0 0.4359375 0.6109375 0.00625 0.009375
0 0.3734375 0.5890625 0.0078125 0.009375
0 0.30625 0.6125 0.0078125 0.00625
0 0.4015625 0.5734375 0.003125 0.003125
0 0.50625 0.596875 0.0078125 0.0078125
0 0.4953125 0.6 0.0078125 0.00625
0 0.0890625 0.165625 0.121875 0.121875
0 0.1859375 0.1078125 0.1359375 0.1359375
0 0.2125 0.2 0.1015625 0.065625
0 0.928125 0.509375 0.1125 0.1015625
0 0.590625 0.4859375 0.0484375 0.046875
0 0.5015625 0.225 0.0546875 0.0578125