0 0.4015625 0.475 0.0171875 0.0171875
0 0.44375 0.4375 0.0703125 0.06875
0 0.4859375 0.471875 0.05625 0.0765625
0 0.359375 0.4734375 0.071875 0.0125
0 0.3765625 0.4015625 0.08125 0.053125
0 0.26875 0.1484375 0.1125 0.1046875
0 0.2453125 0.6140625 0.0078125 0.0015625
0 0.3484375 0.153125 0.0015625 0.0015625
0 0.275 0.0390625 0.096875 0.0796875
0 0.4265625 0.5625 0.10625 0.109375
0 0.028125 0.7 0.05625 0.090625
0 0.4796875 0.15 0.01875 0.0546875
0 0.671875 0.6046875 0.0421875 0.04375
0 0.625 0.6484375 0.0296875 0.009375
0 0.409375 0.23125 0.1859375 0.2015625
0 0.2765625 0.259375 0.046875 0.0203125