0 0.140625 0.653125 0.0328125 0.05625
0 0.1296875 0.621875 0.040625 0.021875
0 0.6390625 0.6140625 0.009375 0.0125
0 0.6125 0.6296875 0.0390625 0.028125
0 0.5140625 0.6890625 0.040625 0.059375
0 0.4421875 0.690625 0.0203125 0.03125
0 0.5296875 0.6671875 0.034375 0.03125
0 0.0859375 0.5984375 0.0421875 0.0421875
0 0.0984375 0.6171875 0.021875 0.0140625
0 0.078125 0.7640625 0.05 0.0453125
0 0.99375 0.9296875 0.0078125 0.065625
0 0.0625 0.5890625 0.009375 0.009375
0 0.0484375 0.56875 0.0375 0.034375
0 0.0703125 0.5578125 0.0171875 0.015625
0 0.3375 0.559375 0.00625 0.0046875
0 0.153125 0.475 0.040625 0.040625
0 0.14375 0.5609375 0.128125 0.11875
0 0.2671875 0.6375 0.1125 0.115625
0 0.0171875 0.7203125 0.0359375 0.0421875
0 0.421875 0.403125 0.0171875 0.0125
0 0.515625 0.475 0.0734375 0.0734375
0 0.4671875 0.4453125 0.0390625 0.028125