0 0.5109375 0.5328125 0.0609375 0.0265625
0 0.521875 0.55625 0.059375 0.05625
0 0.425 0.4984375 0.0546875 0.0671875
0 0.4734375 0.4875 0.05625 0.0703125
0 0.0859375 0.1234375 0.059375 0.021875
0 0.04375 0.2140625 0.009375 0.0109375
0 0.128125 0.225 0.0421875 0.025
0 0.2671875 0.4015625 0.01875 0.021875
0 0.2234375 0.4 0.003125 0.003125
0 0.6390625 0.1703125 0.046875 0.05625
0 0.015625 0.659375 0.0328125 0.03125
0 0.259375 0.58125 0.0296875 0.040625
0 0.0109375 0.4046875 0.0234375 0.0328125
0 0.2171875 0.6203125 0.0296875 0.015625
0 0.190625 0.6125 0.025 0.03125
0 0.303125 0.4703125 0.034375 0.03125
0 0.2765625 0.459375 0.0328125 0.0328125
0 0.146875 0.7140625 0.015625 0.0234375
0 0.434375 0.1921875 0.0234375 0.0453125
0 0.3765625 0.2046875 0.040625 0.04375
0 0.484375 0.63125 0.04375 0.0453125
0 0.4578125 0.628125 0.025 0.0421875
0 0.4375 0.640625 0.04375 0.046875
0 0.953125 0.40625 0.0328125 0.025
0 0.9859375 0.471875 0.025 0.0296875
0 0.9078125 0.49375 0.0375 0.0296875
0 0.875 0.484375 0.0390625 0.0328125