0 0.071875 0.621875 0.0015625 0.0015625
0 0.04375 0.6171875 0.0140625 0.025
0 0.1140625 0.590625 0.015625 0.009375
0 0.284375 0.440625 0.01875 0.015625
0 0.296875 0.4484375 0.03125 0.0296875
0 0.2734375 0.4625 0.03125 0.0265625
0 0.0296875 0.028125 0.0609375 0.0578125
0 0.096875 0.034375 0.0625 0.0625
0 0.4203125 0.428125 0.0765625 0.0765625
0 0.4890625 0.4640625 0.075 0.0765625
0 0.0953125 0.5140625 0.0484375 0.040625
0 0.45 0.0953125 0.0546875 0.03125
0 0.040625 0.4328125 0.04375 0.034375
0 0.075 0.38125 0.0515625 0.06875
0 0.0125 0.2703125 0.025 0.0515625
0 0.0265625 0.2265625 0.053125 0.053125
0 0.03125 0.3890625 0.0640625 0.128125
0 0.375 0.696875 0.028125 0.0296875
0 0.3046875 0.6578125 0.015625 0.0078125
0 0.290625 0.58125 0.025 0.021875
0 0.05625 0.2703125 0.028125 0.0359375
0 0.0859375 0.25 0.034375 0.0375
0 0.9109375 0.2734375 0.0875 0.0828125
0 0.609375 0.071875 0.0703125 0.065625