0 0.4546875 0.5484375 0.0484375 0.0515625
0 0.4796875 0.546875 0.021875 0.0484375
0 0.4234375 0.55625 0.0359375 0.0359375
0 0.50625 0.54375 0.0484375 0.0515625
0 0.528125 0.534375 0.015625 0.0265625
0 0.9828125 0.5640625 0.0046875 0.003125
0 0.84375 0.2609375 0.0984375 0.0921875
0 0.815625 0.2984375 0.0828125 0.046875
0 0.3984375 0.4984375 0.0765625 0.075
0 0.475 0.478125 0.075 0.0765625
0 0.6 0.5296875 0.0046875 0.0015625
0 0.55625 0.6703125 0.0375 0.0171875
0 0.8734375 0.0140625 0.0328125 0.0296875
0 0.465625 0.1453125 0.0078125 0.015625
0 0.0453125 0.296875 0.05 0.0546875
0 0.5203125 0.2171875 0.0046875 0.003125