0 0.4890625 0.853125 0.00625 0.009375
0 0.5015625 0.85625 0.0015625 0.0015625
0 0.4890625 0.859375 0.0078125 0.003125
0 0.496875 0.8515625 0.0078125 0.0078125
0 0.50625 0.853125 0.0078125 0.00625
0 0.496875 0.8 0.00625 0.0078125
0 0.4859375 0.803125 0.0078125 0.0078125
0 0.33125 0.7796875 0.0078125 0.0046875
0 0.334375 0.7765625 0.009375 0.0078125
0 0.4875 0.78125 0.00625 0.0078125
0 0.396875 0.85 0.0078125 0.009375
0 0.325 0.7890625 0.009375 0.009375
0 0.4765625 0.4734375 0.065625 0.0765625
0 0.4125 0.490625 0.06875 0.0328125
0 0.146875 0.1203125 0.103125 0.046875
0 0.4484375 0.8140625 0.00625 0.00625
0 0.4421875 0.81875 0.003125 0.0015625
0 0.4328125 0.8203125 0.003125 0.0078125
0 0.4375 0.8140625 0.00625 0.0078125
0 0.4453125 0.8109375 0.00625 0.00625
0 0.3640625 0.8078125 0.009375 0.0078125
0 0.3546875 0.803125 0.009375 0.00625
0 0.5265625 0.8921875 0.0046875 0.0078125
0 0.5375 0.871875 0.0078125 0.009375
0 0.50625 0.7765625 0.0078125 0.0078125
0 0.5890625 0.83125 0.0078125 0.009375
0 0.4453125 0.7640625 0.0078125 0.0078125
0 0.434375 0.7625 0.0078125 0.0078125
0 0.4265625 0.859375 0.0046875 0.00625
0 0.4140625 0.85625 0.0046875 0.0046875
0 0.4234375 0.8609375 0.0046875 0.003125
0 0.2859375 0.8078125 0.00625 0.00625
0 0.4859375 0.76875 0.00625 0.00625
0 0.4890625 0.7734375 0.00625 0.003125
0 0.4 0.7734375 0.00625 0.00625
0 0.4078125 0.7953125 0.00625 0.00625
0 0.41875 0.8109375 0.0046875 0.0046875
0 0.4171875 0.8078125 0.00625 0.00625