0 0.1625 0.5234375 0.0296875 0.025
0 0.1390625 0.53125 0.00625 0.00625
0 0.0921875 0.7546875 0.0265625 0.01875
0 0.06875 0.7671875 0.021875 0.025
0 0.034375 0.56875 0.0265625 0.0203125
0 0.478125 0.4828125 0.0671875 0.071875
0 0.4921875 0.5265625 0.06875 0.0609375
0 0.496875 0.5734375 0.0640625 0.0578125
0 0.4421875 0.528125 0.0546875 0.0546875
0 0.4171875 0.478125 0.0578125 0.0484375
0 0.1296875 0.721875 0.03125 0.0203125
0 0.15625 0.7171875 0.028125 0.0265625
0 0.128125 0.709375 0.0203125 0.0140625
0 0.1 0.5921875 0.0328125 0.03125
0 0.115625 0.58125 0.025 0.0265625
0 0.240625 0.790625 0.0171875 0.025
0 0.0484375 0.7171875 0.00625 0.0015625
0 0.071875 0.6265625 0.025 0.021875
0 0.1953125 0.0109375 0.0734375 0.021875
0 0.215625 0.0015625 0.0359375 0.0046875
0 0.665625 0.3234375 0.046875 0.0484375
0 0.6515625 0.434375 0.053125 0.053125
0 0.4078125 0.5328125 0.0359375 0.0390625
0 0.3734375 0.5265625 0.0375 0.03125