0 0.7890625 0.5953125 0.03125 0.028125
0 0.8046875 0.6078125 0.0375 0.0390625
0 0.7765625 0.628125 0.0390625 0.0375
0 0.509375 0.2234375 0.0828125 0.0828125
0 0.596875 0.209375 0.0859375 0.0875
0 0.4546875 0.553125 0.028125 0.0265625
0 0.60625 0.784375 0.025 0.021875
0 0.590625 0.85 0.0859375 0.10625
0 0.546875 0.8203125 0.1046875 0.1109375
0 0.653125 0.815625 0.1109375 0.115625
0 0.4859375 0.534375 0.0671875 0.065625
0 0.5171875 0.48125 0.0734375 0.071875
0 0.94375 0.9234375 0.025 0.0140625
0 0.8375 0.8359375 0.0203125 0.015625
0 0.915625 0.5140625 0.0390625 0.0359375
0 0.7765625 0.7125 0.0125 0.0078125
0 0.5078125 0.4375 0.034375 0.034375
0 0.54375 0.415625 0.0375 0.0359375
0 0.4 0.859375 0.046875 0.0484375
0 0.4578125 0.8796875 0.0109375 0.046875
0 0.05625 0.5453125 0.03125 0.028125
0 0.04375 0.5640625 0.0296875 0.0265625
0 0.13125 0.6328125 0.025 0.0234375