0 0.3734375 0.6734375 0.0015625 0.0046875
0 0.3765625 0.675 0.0078125 0.0078125
0 0.3796875 0.6703125 0.003125 0.0015625
0 0.3640625 0.665625 0.00625 0.0078125
0 0.459375 0.6671875 0.0015625 0.003125
0 0.4359375 0.678125 0.00625 0.0046875
0 0.4796875 0.4828125 0.075 0.071875
0 0.459375 0.496875 0.0515625 0.05625
0 0.6578125 0.9890625 0.046875 0.01875
0 0.6296875 0.990625 0.0078125 0.0015625
0 0.4875 0.6203125 0.0453125 0.0484375
0 0.35625 0.6640625 0.0078125 0.00625
0 0.4734375 0.6984375 0.0078125 0.0078125
0 0.48125 0.7 0.0078125 0.009375
0 0.478125 0.703125 0.003125 0.0015625
0 0.46875 0.6984375 0.003125 0.00625
0 0.3390625 0.653125 0.00625 0.003125
0 0.340625 0.6515625 0.00625 0.003125
0 0.3734375 0.6421875 0.00625 0.0078125
0 0.3984375 0.6703125 0.00625 0.00625
0 0.340625 0.6875 0.00625 0.00625
0 0.4328125 0.6546875 0.0078125 0.00625
0 0.5359375 0.684375 0.00625 0.0078125
0 0.5453125 0.9875 0.0703125 0.021875
0 0.5328125 0.9765625 0.06875 0.0421875
0 0.209375 0.70625 0.0859375 0.090625
0 0.296875 0.66875 0.0828125 0.0796875
0 0.6984375 0.8796875 0.0390625 0.0359375
0 0.6390625 0.7140625 0.0453125 0.046875