0 0.571875 0.728125 0.034375 0.0125
0 0.5984375 0.7 0.034375 0.04375
0 0.615625 0.7046875 0.0359375 0.040625
0 0.5515625 0.7203125 0.0234375 0.0109375
0 0.5609375 0.6921875 0.0421875 0.0484375
0 0.1140625 0.646875 0.075 0.075
0 0.05 0.6375 0.065625 0.0640625
0 0.121875 0.69375 0.075 0.0609375
0 0.528125 0.6109375 0.053125 0.0484375
0 0.0828125 0.703125 0.0015625 0.00625
0 0.403125 0.728125 0.0015625 0.003125
0 0.584375 0.5953125 0.0484375 0.0546875
0 0.546875 0.584375 0.05625 0.0578125
0 0.60625 0.809375 0.05 0.0484375
0 0.3515625 0.8578125 0.0015625 0.003125
0 0.48125 0.475 0.0734375 0.071875
0 0.54375 0.4375 0.0734375 0.071875
0 0.4890625 0.4 0.071875 0.075
0 0.1046875 0.446875 0.0484375 0.0515625
0 0.596875 0.5296875 0.0296875 0.0265625
0 0.734375 0.73125 0.03125 0.0328125
0 0.69375 0.7484375 0.01875 0.028125
0 0.6234375 0.7484375 0.0671875 0.0703125
0 0.4609375 0.5359375 0.003125 0.003125
0 0.5625 0.65 0.015625 0.009375