0 0.3515625 0.65 0.0421875 0.04375
0 0.371875 0.64375 0.0140625 0.0390625
0 0.3265625 0.6515625 0.0203125 0.0375
0 0.3890625 0.634375 0.028125 0.025
0 0.853125 0.6375 0.0171875 0.034375
0 0.871875 0.625 0.04375 0.0421875
0 0.840625 0.6546875 0.0296875 0.01875
0 0.559375 0.5875 0.0046875 0.0015625
0 0.48125 0.4703125 0.0765625 0.0734375
0 0.490625 0.5078125 0.065625 0.0515625
0 0.2078125 0.646875 0.059375 0.0609375
0 0.8078125 0.6140625 0.059375 0.0546875
0 0.2625 0.6296875 0.0625 0.0609375
0 0.978125 0.8171875 0.003125 0.0015625
0 0.9484375 0.8234375 0.0546875 0.0390625
0 0.7046875 0.5546875 0.0015625 0.0046875
0 0.55625 0.215625 0.065625 0.0625
0 0.303125 0.340625 0.05 0.040625
0 0.3203125 0.3703125 0.0375 0.0515625