0 0.2859375 0.678125 0.0125 0.0234375
0 0.45625 0.1046875 0.0609375 0.0640625
0 0.515625 0.109375 0.0609375 0.0640625
0 0.221875 0.434375 0.028125 0.0296875
0 0.9921875 0.5359375 0.0125 0.0140625
0 0.4296875 0.5984375 0.04375 0.034375
0 0.878125 0.1859375 0.0640625 0.0609375
0 0.5140625 0.5328125 0.0546875 0.053125
0 0.496875 0.490625 0.0671875 0.0703125
0 0.5640625 0.4921875 0.0703125 0.0703125
0 0.375 0.35 0.053125 0.0515625
0 0.415625 0.30625 0.0546875 0.0546875
0 0.959375 0.603125 0.078125 0.1203125
0 0.59375 0.7640625 0.0046875 0.0046875
0 0.51875 0.70625 0.0265625 0.0265625
0 0.6078125 0.44375 0.0265625 0.025
0 0.30625 0.325 0.034375 0.0375
0 0.35 0.3046875 0.0359375 0.0375
0 0.1953125 0.6640625 0.00625 0.0265625
0 0.215625 0.6546875 0.0421875 0.04375
0 0.246875 0.675 0.0234375 0.0421875