0 0.4953125 0.08125 0.0625 0.05625
0 0.5125 0.0328125 0.0609375 0.0671875
0 0.109375 0.3984375 0.1296875 0.146875
0 0.9390625 0.5 0.0546875 0.05625
0 0.7875 0.590625 0.01875 0.015625
0 0.7640625 0.596875 0.028125 0.0171875
0 0.74375 0.6 0.0171875 0.01875
0 0.7640625 0.5859375 0.028125 0.0203125
0 0.7859375 0.5703125 0.0234375 0.0265625
0 0.4953125 0.484375 0.065625 0.0703125
0 0.428125 0.4734375 0.0578125 0.053125
0 0.446875 0.44375 0.071875 0.075
0 0.6875 0.296875 0.0265625 0.0484375
0 0.99375 0.1171875 0.009375 0.040625
0 0.9171875 0.6203125 0.046875 0.046875
0 0.990625 0.6109375 0.009375 0.0046875
0 0.9015625 0.4484375 0.025 0.0171875
0 0.903125 0.465625 0.021875 0.015625
0 0.6171875 0.4671875 0.0265625 0.025
0 0.6484375 0.5328125 0.0203125 0.025
0 0.715625 0.55 0.028125 0.0234375
0 0.7203125 0.53125 0.03125 0.0265625