0 0.0171875 0.46875 0.01875 0.028125
0 0.4875 0.5984375 0.0015625 0.0078125
0 0.2765625 0.490625 0.0359375 0.0390625
0 0.296875 0.4921875 0.0265625 0.0375
0 0.0078125 0.4609375 0.0171875 0.0296875
0 0.0046875 0.4796875 0.0109375 0.0078125
0 0.4375 0.4796875 0.0640625 0.071875
0 0.503125 0.478125 0.06875 0.0734375
0 0.5234375 0.5125 0.0625 0.0515625
0 0.4703125 0.5203125 0.0515625 0.0328125
0 0.4015625 0.490625 0.053125 0.06875
0 0.028125 0.359375 0.05625 0.0625
0 0.434375 0.36875 0.0234375 0.009375
0 0.2375 0.3171875 0.0484375 0.0484375
0 0.2625 0.3234375 0.0078125 0.0296875
0 0.840625 0.4125 0.0625 0.0609375
0 0.7703125 0.4203125 0.0609375 0.0609375