0 0.525 0.54375 0.0515625 0.025
0 0.54375 0.528125 0.0546875 0.03125
0 0.5859375 0.55 0.0640625 0.059375
0 0.465625 0.50625 0.0421875 0.0546875
0 0.48125 0.490625 0.04375 0.0671875
0 0.1953125 0.246875 0.059375 0.05625
0 0.1984375 0.2890625 0.0484375 0.04375
0 0.23125 0.296875 0.0578125 0.05
0 0.7234375 0.1140625 0.059375 0.0640625
0 0.3625 0.6734375 0.0265625 0.028125
0 0.334375 0.684375 0.0265625 0.028125
0 0.4859375 0.5921875 0.0375 0.0375
0 0.325 0.45625 0.028125 0.0265625
0 0.50625 0.6296875 0.015625 0.0265625
0 0.5296875 0.634375 0.00625 0.003125
0 0.4859375 0.621875 0.015625 0.0234375
0 0.4859375 0.715625 0.021875 0.025
0 0.0203125 0.125 0.040625 0.0609375
0 0.5703125 0.1859375 0.0046875 0.003125
0 0.5578125 0.2109375 0.003125 0.0171875
0 0.68125 0.6265625 0.0453125 0.0453125
0 0.6625 0.625 0.021875 0.0453125
0 0.6359375 0.6375 0.0453125 0.046875
0 0.2390625 0.640625 0.025 0.021875
0 0.2984375 0.5328125 0.015625 0.01875