0 0.609375 0.628125 0.0046875 0.0078125
0 0.596875 0.6265625 0.0046875 0.0078125
0 0.603125 0.6265625 0.0078125 0.0078125
0 0.5984375 0.6296875 0.00625 0.003125
0 0.5796875 0.6203125 0.00625 0.00625
0 0.6765625 0.621875 0.00625 0.0046875
0 0.6640625 0.6328125 0.0046875 0.0046875
0 0.5734375 0.6171875 0.00625 0.0078125
0 0.56875 0.61875 0.0046875 0.00625
0 0.5796875 0.646875 0.0078125 0.0078125
0 0.61875 0.659375 0.0015625 0.003125
0 0.7265625 0.6453125 0.0078125 0.0078125
0 0.7359375 0.646875 0.0078125 0.009375
0 0.7375 0.6515625 0.0078125 0.003125
0 0.7296875 0.65 0.00625 0.003125
0 0.71875 0.6453125 0.00625 0.0078125
0 0.5484375 0.609375 0.00625 0.00625
0 0.54375 0.6078125 0.0015625 0.0046875
0 0.6078125 0.6046875 0.00625 0.003125
0 0.59375 0.5953125 0.00625 0.00625
0 0.646875 0.6171875 0.00625 0.009375
0 0.6546875 0.6234375 0.0078125 0.009375
0 0.5546875 0.6421875 0.00625 0.00625
0 0.646875 0.58125 0.00625 0.00625
0 0.6703125 0.6046875 0.0046875 0.00625
0 0.6515625 0.5890625 0.0078125 0.0046875
0 0.7734375 0.63125 0.003125 0.0078125
0 0.8984375 0.85 0.0640625 0.0640625
0 0.8765625 0.746875 0.075 0.071875
0 0.9484375 0.271875 0.0453125 0.053125
0 0.49375 0.4765625 0.0703125 0.0734375