0 0.5203125 0.4890625 0.0640625 0.05625
0 0.50625 0.453125 0.08125 0.0796875
0 0.58125 0.49375 0.078125 0.084375
0 0.440625 0.4796875 0.05 0.03125
0 0.4375 0.4359375 0.0734375 0.08125
0 0.215625 0.228125 0.0625 0.0578125
0 0.2328125 0.271875 0.040625 0.05625
0 0.2578125 0.2765625 0.0609375 0.0578125
0 0.721875 0.3703125 0.0140625 0.0203125
0 0.675 0.3734375 0.0234375 0.025
0 0.5390625 0.678125 0.0265625 0.0296875
0 0.621875 0.5515625 0.0203125 0.0015625
0 0.696875 0.603125 0.0234375 0.009375
0 0.721875 0.603125 0.0265625 0.0296875
0 0.6828125 0.6046875 0.00625 0.0046875
0 0.725 0.4421875 0.03125 0.025
0 0.7125 0.7109375 0.021875 0.025
0 0.065625 0.1453125 0.0515625 0.0578125
0 0.6671875 0.0890625 0.05 0.059375
0 0.63125 0.134375 0.0453125 0.053125
0 0.8203125 0.5921875 0.059375 0.05625
0 0.8328125 0.6171875 0.003125 0.0015625
0 0.7671875 0.609375 0.0515625 0.0546875
0 0.4578125 0.640625 0.021875 0.01875
0 0.5078125 0.525 0.0140625 0.0125