0 0.6046875 0.5234375 0.05 0.0390625
0 0.578125 0.5421875 0.0203125 0.0390625
0 0.55625 0.546875 0.0484375 0.046875
0 0.6359375 0.521875 0.03125 0.0421875
0 0.8625 0.2734375 0.0328125 0.0234375
0 0.8890625 0.2828125 0.021875 0.040625
0 0.8640625 0.30625 0.046875 0.046875
0 0.4390625 0.2140625 0.04375 0.04375
0 0.9328125 0.26875 0.090625 0.090625
0 0.984375 0.6609375 0.028125 0.009375
0 0.8671875 0.609375 0.0453125 0.040625
0 0.984375 0.209375 0.028125 0.0171875
0 0.4890625 0.4828125 0.06875 0.040625
0 0.5125 0.4296875 0.0671875 0.078125
0 0.55625 0.471875 0.0625 0.078125