0 0.8515625 0.6359375 0.065625 0.040625
0 0.8 0.5953125 0.075 0.071875
0 0.878125 0.6015625 0.0765625 0.0765625
0 0.7828125 0.628125 0.0625 0.0390625
0 0.7296875 0.5953125 0.06875 0.0703125
0 0.196875 0.6296875 0.0265625 0.01875
0 0.48125 0.5140625 0.065625 0.0546875
0 0.996875 0.6875 0.003125 0.0453125
0 0.4734375 0.65625 0.0125 0.0265625
0 0.9390625 0.671875 0.0546875 0.046875
0 0.490625 0.475 0.071875 0.075
0 0.41875 0.4796875 0.0703125 0.071875
0 0.603125 0.753125 0.0765625 0.0796875
0 0.6171875 0.8234375 0.0578125 0.0484375
0 0.4109375 0.815625 0.0125 0.0203125
0 0.39375 0.8375 0.040625 0.0328125
0 0.1375 0.4234375 0.0734375 0.0640625
0 0.146875 0.3640625 0.075 0.071875
0 0.090625 0.3609375 0.0625 0.0671875
0 0.34375 0.46875 0.028125 0.0390625
0 0.7421875 0.340625 0.06875 0.06875
0 0.2828125 0.665625 0.084375 0.0859375