0 0.996875 0.5640625 0.003125 0.021875
0 0.9875 0.5984375 0.021875 0.0484375
0 0.0390625 0.0328125 0.071875 0.065625
0 0.0359375 0.003125 0.04375 0.00625
0 0.8875 0.28125 0.0453125 0.0453125
0 0.4765625 0.4765625 0.0734375 0.071875
0 0.546875 0.59375 0.0078125 0.0109375
0 0.575 0.5703125 0.015625 0.003125
0 0.596875 0.5671875 0.025 0.0203125
0 0.2484375 0.2578125 0.0640625 0.065625
0 0.184375 0.203125 0.0703125 0.06875
0 0.7171875 0.121875 0.05 0.0546875
0 0.675 0.075 0.053125 0.0484375
0 0.6359375 0.6203125 0.03125 0.0453125
0 0.5640625 0.6109375 0.0390625 0.046875
0 0.6234375 0.6265625 0.04375 0.053125
0 0.7265625 0.434375 0.028125 0.021875
0 0.7390625 0.45625 0.0140625 0.025
0 0.4328125 0.45625 0.021875 0.0234375
0 0.4609375 0.525 0.025 0.01875
0 0.50625 0.54375 0.028125 0.01875
0 0.50625 0.525 0.0265625 0.0296875
0 0.8484375 0.5 0.0265625 0.025