0 0.959375 0.678125 0.040625 0.05625
0 0.9796875 0.678125 0.034375 0.05
0 0.6859375 0.4578125 0.04375 0.04375
0 0.684375 0.4875 0.0390625 0.034375
0 0.715625 0.4953125 0.0453125 0.040625
0 0.9390625 0.503125 0.0265625 0.021875
0 0.909375 0.5 0.01875 0.0234375
0 0.796875 0.740625 0.0125 0.0265625
0 0.7640625 0.75 0.0171875 0.025
0 0.9296875 0.690625 0.034375 0.0359375
0 0.7390625 0.5484375 0.0265625 0.025
0 0.940625 0.7078125 0.0328125 0.0109375
0 0.959375 0.7078125 0.003125 0.0046875
0 0.9140625 0.7 0.0203125 0.0265625
0 0.9796875 0.5671875 0.034375 0.028125
0 0.9578125 0.559375 0.0125 0.0296875
0 0.9140625 0.771875 0.01875 0.0171875
0 0.5015625 0.8328125 0.05 0.053125
0 0.58125 0.75 0.05625 0.05625
0 0.5328125 0.3765625 0.0390625 0.0421875
0 0.48125 0.471875 0.075 0.0734375
0 0.990625 0.3359375 0.0140625 0.034375
0 0.959375 0.353125 0.034375 0.0375
0 0.6671875 0.7078125 0.0203125 0.01875
0 0.7171875 0.609375 0.01875 0.0171875