0 0.528125 0.81875 0.028125 0.040625
0 0.54375 0.796875 0.0078125 0.04375
0 0.56875 0.8046875 0.0546875 0.05
0 0.6015625 0.7890625 0.0109375 0.053125
0 0.7265625 0.709375 0.0328125 0.0265625
0 0.89375 0.6921875 0.134375 0.1171875
0 0.8625 0.71875 0.1015625 0.1
0 0.3875 0.921875 0.0703125 0.0234375
0 0.4734375 0.878125 0.0828125 0.0671875
0 0.5515625 0.6015625 0.0359375 0.0359375
0 0.9546875 0.2765625 0.0875 0.1046875
0 0.465625 0.446875 0.0296875 0.0359375
0 0.040625 0.6515625 0.046875 0.0609375
0 0.5078125 0.48125 0.0546875 0.05625