0 0.4078125 0.6453125 0.00625 0.0046875
0 0.6984375 0.29375 0.06875 0.065625
0 0.6703125 0.315625 0.0546875 0.059375
0 0.8171875 0.8109375 0.040625 0.028125
0 0.771875 0.840625 0.015625 0.009375
0 0.6375 0.4828125 0.04375 0.04375
0 0.3890625 0.6640625 0.0046875 0.0015625
0 0.5046875 0.6671875 0.0078125 0.0078125
0 0.5125 0.66875 0.0046875 0.009375
0 0.509375 0.671875 0.0046875 0.0015625
0 0.5 0.6671875 0.0046875 0.0078125
0 0.3671875 0.6296875 0.0046875 0.00625
0 0.4015625 0.61875 0.003125 0.003125
0 0.43125 0.6390625 0.0078125 0.0078125
0 0.3703125 0.659375 0.0046875 0.0046875
0 0.4640625 0.6265625 0.00625 0.00625
0 0.71875 0.7765625 0.06875 0.071875
0 0.7796875 0.7546875 0.0734375 0.071875
0 0.74375 0.7328125 0.040625 0.03125
0 0.49375 0.4609375 0.071875 0.0765625
0 0.55625 0.44375 0.0703125 0.0703125
0 0.0078125 0.146875 0.015625 0.0640625
0 0.8234375 0.7453125 0.0171875 0.03125
0 0.76875 0.5765625 0.0421875 0.0421875