0 0.103125 0.20625 0.0609375 0.0671875
0 0.1796875 0.2234375 0.109375 0.0828125
0 0.4015625 0.2796875 0.0375 0.0390625
0 0.365625 0.2703125 0.028125 0.028125
0 0.1828125 0.6203125 0.003125 0.003125
0 0.1609375 0.625 0.034375 0.0359375
0 0.2765625 0.4640625 0.0484375 0.053125
0 0.140625 0.334375 0.03125 0.0359375
0 0.3671875 0.55 0.0296875 0.0375
0 0.3875 0.5484375 0.009375 0.009375
0 0.3484375 0.5265625 0.0125 0.009375
0 0.409375 0.334375 0.034375 0.04375
0 0.3828125 0.334375 0.028125 0.04375
0 0.3640625 0.675 0.0296875 0.025
0 0.5140625 0.4734375 0.071875 0.06875
0 0.496875 0.5109375 0.0296875 0.0171875
0 0.45 0.4984375 0.06875 0.0703125
0 0.0609375 0.578125 0.0296875 0.0265625
0 0.1359375 0.4390625 0.034375 0.0328125