0 0.5265625 0.56875 0.0046875 0.003125
0 0.625 0.571875 0.0046875 0.003125
0 0.609375 0.58125 0.00625 0.00625
0 0.5203125 0.565625 0.00625 0.0046875
0 0.5265625 0.5984375 0.0078125 0.00625
0 0.5671875 0.6109375 0.0046875 0.00625
0 0.66875 0.5890625 0.009375 0.009375
0 0.678125 0.5890625 0.0078125 0.0078125
0 0.6796875 0.59375 0.0078125 0.0046875
0 0.671875 0.59375 0.00625 0.003125
0 0.6609375 0.5890625 0.00625 0.0078125
0 0.540625 0.5453125 0.00625 0.003125
0 0.5890625 0.5609375 0.009375 0.009375
0 0.596875 0.5671875 0.009375 0.009375
0 0.5921875 0.5296875 0.0046875 0.0078125
0 0.6140625 0.55 0.009375 0.0078125
0 0.5984375 0.5375 0.0046875 0.0078125
0 0.7296875 0.578125 0.0046875 0.0046875
0 0.7171875 0.5796875 0.0078125 0.0015625
0 0.503125 0.471875 0.071875 0.071875
0 0.4140625 0.2859375 0.0859375 0.0859375