0 0.4078125 0.45625 0.0125 0.003125
0 0.46875 0.4375 0.0765625 0.05
0 0.4828125 0.4765625 0.0703125 0.0671875
0 0.3703125 0.40625 0.0625 0.078125
0 0.428125 0.3875 0.075 0.0796875
0 0.0140625 0.025 0.028125 0.05
0 0.03125 0.0953125 0.0625 0.078125
0 0.2296875 0.35625 0.03125 0.0328125
0 0.1921875 0.346875 0.0171875 0.0140625
0 0.625 0.0671875 0.059375 0.04375
0 0.2109375 0.534375 0.0375 0.0453125
0 0.178125 0.590625 0.034375 0.034375
0 0.1953125 0.5796875 0.01875 0.0265625
0 0.1484375 0.5765625 0.0234375 0.0296875
0 0.26875 0.4203125 0.0375 0.0328125
0 0.240625 0.4140625 0.0328125 0.0359375
0 0.103125 0.6859375 0.021875 0.021875
0 0.4078125 0.1046875 0.04375 0.0453125
0 0.334375 0.1234375 0.0359375 0.046875
0 0.4546875 0.5859375 0.0484375 0.05
0 0.4265625 0.5859375 0.021875 0.0484375
0 0.403125 0.5953125 0.0484375 0.05
0 0.9640625 0.3609375 0.034375 0.0296875
0 0.990625 0.4296875 0.0140625 0.03125
0 0.91875 0.4453125 0.0328125 0.0265625
0 0.88125 0.4375 0.0421875 0.0328125