0 0.809375 0.4921875 0.0375 0.034375
0 0.803125 0.50625 0.0203125 0.0046875
0 0.7859375 0.5015625 0.0140625 0.0171875
0 0.8421875 0.4890625 0.0328125 0.034375
0 0.8453125 0.5015625 0.028125 0.0109375
0 0.8765625 0.4515625 0.0484375 0.0265625
0 0.921875 0.428125 0.0515625 0.0484375
0 0.8609375 0.465625 0.0265625 0.015625
0 0.8453125 0.5875 0.0296875 0.0203125
0 0.9921875 0.5984375 0.0109375 0.025
0 0.3921875 0.4796875 0.040625 0.071875
0 0.353125 0.46875 0.0734375 0.0765625
0 0.428125 0.475 0.078125 0.0796875
0 0.4796875 0.4796875 0.0578125 0.0703125
0 0.784375 0.371875 0.0015625 0.0015625
0 0.4234375 0.434375 0.009375 0.003125
0 0.890625 0.571875 0.0015625 0.0046875
0 0.859375 0.221875 0.03125 0.04375
0 0.659375 0.3109375 0.046875 0.0421875
0 0.896875 0.2390625 0.0453125 0.0453125
0 0.625 0.090625 0.1234375 0.13125
0 0.6484375 0.1625 0.1046875 0.0984375