0 0.8 0.603125 0.040625 0.04375
0 0.81875 0.6203125 0.03125 0.0265625
0 0.7671875 0.628125 0.0453125 0.0390625
0 0.846875 0.59375 0.0453125 0.0421875
0 0.8640625 0.6046875 0.0328125 0.0390625
0 0.9890625 0.290625 0.0171875 0.0484375
0 0.6671875 0.3421875 0.040625 0.034375
0 0.475 0.475 0.0734375 0.06875
0 0.290625 0.5796875 0.021875 0.0171875
0 0.278125 0.5859375 0.00625 0.0109375
0 0.2734375 0.5703125 0.01875 0.028125
0 0.2921875 0.559375 0.0296875 0.0296875
0 0.2046875 0.18125 0.071875 0.0734375
0 0.15625 0.0984375 0.084375 0.0796875
0 0.5890625 0.16875 0.046875 0.0484375
0 0.5875 0.1140625 0.0359375 0.05625
0 0.4515625 0.6359375 0.0078125 0.00625
0 0.4234375 0.615625 0.0421875 0.05625
0 0.4625 0.6328125 0.0125 0.0109375
0 0.4125 0.4484375 0.0078125 0.021875
0 0.4234375 0.4703125 0.0140625 0.01875
0 0.11875 0.421875 0.03125 0.0296875
0 0.1421875 0.5046875 0.03125 0.021875
0 0.2265625 0.53125 0.0140625 0.0140625
0 0.225 0.509375 0.0328125 0.0328125
0 0.5171875 0.5203125 0.0234375 0.0234375