0 0.9890625 0.6375 0.01875 0.0390625
0 0.95625 0.596875 0.084375 0.08125
0 0.9390625 0.634375 0.071875 0.0421875
0 0.8765625 0.6 0.078125 0.078125
0 0.3125 0.6453125 0.0265625 0.0203125
0 0.5984375 0.51875 0.0703125 0.0578125
0 0.5984375 0.665625 0.0125 0.028125
0 0.60625 0.4765625 0.078125 0.0796875
0 0.53125 0.484375 0.071875 0.075
0 0.7390625 0.7765625 0.084375 0.0875
0 0.7609375 0.8453125 0.065625 0.0515625
0 0.5328125 0.828125 0.0328125 0.0203125
0 0.525 0.85625 0.0421875 0.0453125
0 0.578125 0.828125 0.0046875 0.003125
0 0.246875 0.440625 0.071875 0.065625
0 0.2515625 0.3796875 0.075 0.071875
0 0.1984375 0.378125 0.059375 0.0671875
0 0.459375 0.4765625 0.028125 0.040625
0 0.878125 0.31875 0.0796875 0.075
0 0.3921875 0.6859375 0.0859375 0.090625