0 0.771875 0.6421875 0.04375 0.0484375
0 0.790625 0.6359375 0.0078125 0.0359375
0 0.8078125 0.6265625 0.0390625 0.0359375
0 0.8453125 0.6078125 0.0109375 0.009375
0 0.9546875 0.44375 0.0859375 0.1640625
0 0.49375 0.4734375 0.0703125 0.0734375
0 0.553125 0.4921875 0.065625 0.071875
0 0.065625 0.8640625 0.003125 0.00625
0 0.98125 0.7453125 0.0328125 0.0078125
0 0.94375 0.803125 0.0671875 0.0640625
0 0.1109375 0.778125 0.0234375 0.00625
0 0.0625 0.80625 0.034375 0.0421875
0 0.103125 0.8015625 0.040625 0.046875
0 0.15625 0.7859375 0.025 0.034375
0 0.840625 0.4625 0.0453125 0.0375
0 0.4234375 0.6640625 0.0046875 0.003125
0 0.5328125 0.2 0.065625 0.065625