0 0.7578125 0.1375 0.0890625 0.084375
0 0.68125 0.06875 0.0984375 0.1046875
0 0.7828125 0.0640625 0.1 0.1046875
0 0.6765625 0.1234375 0.0703125 0.0328125
0 0.596875 0.0859375 0.0890625 0.071875
0 0.0015625 0.271875 0.003125 0.0234375
0 0.0171875 0.2765625 0.028125 0.021875
0 0.0296875 0.303125 0.046875 0.0375
0 0.45 0.5109375 0.0015625 0.0015625
0 0.275 0.0203125 0.084375 0.040625
0 0.959375 0.3546875 0.06875 0.0359375
0 0.3734375 0.4 0.025 0.0375
0 0.9125 0.34375 0.025 0.0578125
0 0.3953125 0.2140625 0.1046875 0.1140625
0 0.48125 0.4875 0.06875 0.0546875
0 0.2484375 0.6015625 0.00625 0.0140625
0 0.3 0.59375 0.0109375 0.003125
0 0.1828125 0.1453125 0.0390625 0.04375
0 0.859375 0.0 0.0015625 0.0015625
0 0.8421875 0.0546875 0.0140625 0.021875