0 0.9703125 0.7390625 0.0546875 0.165625
0 0.984375 0.815625 0.028125 0.0296875
0 0.83125 0.6203125 0.0703125 0.0671875
0 0.625 0.828125 0.01875 0.03125
0 0.5890625 0.8390625 0.0171875 0.0359375
0 0.5578125 0.8625 0.0328125 0.03125
0 0.578125 0.834375 0.025 0.034375
0 0.6046875 0.815625 0.0328125 0.034375
0 0.5015625 0.4625 0.0703125 0.0734375
0 0.396875 0.4296875 0.0765625 0.0765625
0 0.7796875 0.6453125 0.0140625 0.0203125
0 0.7859375 0.6609375 0.0296875 0.0328125
0 0.428125 0.671875 0.03125 0.03125
0 0.4578125 0.7546875 0.0328125 0.0328125
0 0.475 0.8125 0.034375 0.0375
0 0.4640625 0.8015625 0.0375 0.0375
0 0.934375 0.7109375 0.028125 0.009375