0 0.625 0.653125 0.021875 0.0125
0 0.5875 0.678125 0.0171875 0.0171875
0 0.65 0.659375 0.01875 0.0265625
0 0.8046875 0.46875 0.0234375 0.0203125
0 0.8203125 0.4765625 0.0359375 0.0359375
0 0.796875 0.496875 0.034375 0.034375
0 0.4984375 0.1125 0.059375 0.0625
0 0.5609375 0.096875 0.0609375 0.065625
0 0.5171875 0.45 0.0265625 0.0171875
0 0.9953125 0.4984375 0.0046875 0.040625
0 0.628125 0.596875 0.0421875 0.0234375
0 0.975 0.0421875 0.0453125 0.071875
0 0.06875 0.5953125 0.0109375 0.003125
0 0.0484375 0.5875 0.0265625 0.025
0 0.0375 0.5984375 0.0296875 0.025
0 0.065625 0.5796875 0.0328125 0.0296875
0 0.084375 0.5703125 0.0296875 0.028125
0 0.5640625 0.51875 0.040625 0.0421875
0 0.5125 0.4859375 0.0703125 0.0640625
0 0.5828125 0.48125 0.075 0.0734375
0 0.5015625 0.3640625 0.046875 0.0484375
0 0.5203125 0.3140625 0.05625 0.0546875
0 0.51875 0.5921875 0.1609375 0.1703125
0 0.95625 0.753125 0.0296875 0.025
0 0.865625 0.7 0.03125 0.0296875
0 0.925 0.3921875 0.0328125 0.021875
0 0.828125 0.6171875 0.028125 0.0140625
0 0.5484375 0.340625 0.0328125 0.034375
0 0.5828125 0.309375 0.01875 0.0328125
0 0.1890625 0.4703125 0.0265625 0.0234375
0 0.18125 0.4875 0.025 0.0234375
0 0.065625 0.5359375 0.0328125 0.0328125
0 0.090625 0.5234375 0.0375 0.0328125
0 0.253125 0.55 0.021875 0.021875