0 0.909375 0.475 0.0421875 0.0328125
0 0.9109375 0.490625 0.0296875 0.00625
0 0.8796875 0.478125 0.03125 0.0375
0 0.946875 0.46875 0.034375 0.0375
0 0.95625 0.415625 0.0546875 0.0515625
0 0.9890625 0.4 0.01875 0.0453125
0 0.984375 0.4484375 0.0140625 0.00625
0 0.9640625 0.578125 0.0234375 0.0171875
0 0.3953125 0.509375 0.0359375 0.021875
0 0.35 0.4765625 0.0703125 0.075
0 0.41875 0.4796875 0.075 0.078125
0 0.478125 0.48125 0.0546875 0.0734375
0 0.48125 0.44375 0.003125 0.0015625
0 0.5171875 0.4609375 0.034375 0.015625
0 0.9375 0.1828125 0.04375 0.0484375
0 0.721875 0.3109375 0.03125 0.0234375
0 0.978125 0.1984375 0.040625 0.05
0 0.503125 0.08125 0.1234375 0.1328125
0 0.559375 0.15 0.1078125 0.109375