0 0.759375 0.9 0.0671875 0.0703125
0 0.84375 0.8703125 0.0546875 0.0578125
0 0.7890625 0.85625 0.01875 0.0125
0 0.8265625 0.8890625 0.078125 0.084375
0 0.8890625 0.875 0.0609375 0.08125
0 0.1421875 0.8296875 0.1640625 0.165625
0 0.2859375 0.846875 0.1453125 0.1625
0 0.303125 0.9625 0.028125 0.071875
0 0.0 0.915625 0.0015625 0.009375
0 0.009375 0.9140625 0.0078125 0.00625
0 0.3453125 0.9515625 0.09375 0.0734375
0 0.865625 0.609375 0.06875 0.065625
0 0.228125 0.24375 0.159375 0.115625
0 0.225 0.721875 0.0078125 0.0078125
0 0.4140625 0.53125 0.0046875 0.0109375
0 0.0484375 0.9296875 0.0015625 0.0015625