0 0.590625 0.66875 0.0046875 0.003125
0 0.575 0.678125 0.0015625 0.0046875
0 0.5109375 0.96875 0.05625 0.0578125
0 0.428125 0.9765625 0.0703125 0.04375
0 0.4984375 0.990625 0.0484375 0.015625
0 0.471875 0.9578125 0.01875 0.0546875
0 0.3796875 0.965625 0.05 0.0640625
0 0.4921875 0.65625 0.0328125 0.0421875
0 0.5453125 0.671875 0.0203125 0.0421875
0 0.5234375 0.69375 0.04375 0.0421875
0 0.509375 0.465625 0.0703125 0.071875
0 0.578125 0.675 0.0015625 0.0015625
0 0.625 0.69375 0.0078125 0.0078125
0 0.6328125 0.6953125 0.0046875 0.0078125
0 0.6359375 0.7 0.0046875 0.003125
0 0.628125 0.6984375 0.003125 0.0015625
0 0.61875 0.69375 0.00625 0.0078125
0 0.5609375 0.671875 0.00625 0.0078125
0 0.5609375 0.628125 0.00625 0.0046875
0 0.578125 0.6515625 0.00625 0.0078125
0 0.5640625 0.6375 0.0015625 0.0015625
0 0.3046875 0.9640625 0.046875 0.0484375
0 0.4609375 0.5828125 0.0375 0.0296875
0 0.0484375 0.790625 0.053125 0.05
0 0.7828125 0.409375 0.0609375 0.059375
0 0.828125 0.425 0.0546875 0.05625