0 0.721875 0.659375 0.021875 0.0140625
0 0.6796875 0.68125 0.0078125 0.015625
0 0.7453125 0.653125 0.028125 0.0296875
0 0.896875 0.446875 0.00625 0.0046875
0 0.91875 0.4625 0.0375 0.03125
0 0.89375 0.4859375 0.0375 0.0265625
0 0.5109375 0.1109375 0.059375 0.0640625
0 0.571875 0.0890625 0.0609375 0.065625
0 0.6078125 0.44375 0.01875 0.0109375
0 0.975 0.4734375 0.0453125 0.1125
0 0.6875 0.584375 0.046875 0.0484375
0 0.5609375 0.5265625 0.06875 0.0546875
0 0.5171875 0.4890625 0.071875 0.0703125
0 0.584375 0.478125 0.075 0.075
0 0.5421875 0.3625 0.05 0.05
0 0.553125 0.3109375 0.05625 0.0546875
0 0.3359375 0.5953125 0.1734375 0.16875
0 0.9828125 0.696875 0.03125 0.03125
0 0.934375 0.603125 0.0015625 0.0046875
0 0.621875 0.334375 0.03125 0.0359375
0 0.6453125 0.3046875 0.0359375 0.0375
0 0.5328125 0.6640625 0.0359375 0.040625
0 0.5796875 0.6765625 0.028125 0.0234375
0 0.296875 0.48125 0.0234375 0.0234375
0 0.290625 0.4984375 0.0234375 0.0203125
0 0.040625 0.4296875 0.03125 0.03125
0 0.0578125 0.509375 0.03125 0.021875
0 0.1984375 0.5328125 0.025 0.0234375