0 0.7015625 0.3171875 0.0234375 0.021875
0 0.7390625 0.2515625 0.059375 0.0640625
0 0.7625 0.009375 0.0359375 0.0203125
0 0.271875 0.3796875 0.0046875 0.003125
0 0.2859375 0.3625 0.0234375 0.025
0 0.0703125 0.2109375 0.0796875 0.05625
0 0.7859375 0.0015625 0.003125 0.003125
0 0.865625 0.3203125 0.065625 0.0796875
0 0.65625 0.6234375 0.0234375 0.0125
0 0.7921875 0.028125 0.0328125 0.0484375
0 0.890625 0.5 0.0234375 0.003125
0 0.9671875 0.0296875 0.0609375 0.0609375
0 0.2390625 0.178125 0.01875 0.0109375