0 0.7109375 0.4765625 0.0453125 0.034375
0 0.7234375 0.4515625 0.04375 0.04375
0 0.54375 0.871875 0.0578125 0.0625
0 0.5546875 0.9125 0.059375 0.0796875
0 0.7375 0.3953125 0.0625 0.0625
0 0.99375 0.71875 0.009375 0.009375
0 0.9734375 0.7265625 0.0265625 0.0125
0 0.9578125 0.7328125 0.0265625 0.025
0 0.9734375 0.715625 0.0265625 0.0234375
0 0.9890625 0.7015625 0.0171875 0.025
0 0.734375 0.7953125 0.040625 0.0484375
0 0.678125 0.7796875 0.0296875 0.0453125
0 0.6953125 0.775 0.04375 0.0515625
0 0.8578125 0.6125 0.0390625 0.0375
0 0.8140625 0.5828125 0.034375 0.04375
0 0.3359375 0.9265625 0.053125 0.0578125
0 0.2765625 0.771875 0.0984375 0.1
0 0.5046875 0.4765625 0.071875 0.0734375
0 0.8234375 0.609375 0.0109375 0.0125
0 0.859375 0.665625 0.021875 0.021875
0 0.9203125 0.696875 0.0265625 0.01875
0 0.921875 0.6828125 0.021875 0.025