0 0.815625 0.4359375 0.003125 0.003125
0 0.8171875 0.44375 0.00625 0.0109375
0 0.8078125 0.43125 0.0046875 0.0078125
0 0.9765625 0.0796875 0.0421875 0.0828125
0 0.9765625 0.1734375 0.0421875 0.078125
0 0.1390625 0.2640625 0.0265625 0.04375
0 0.0859375 0.2578125 0.0796875 0.071875
0 0.3734375 0.365625 0.0359375 0.0140625
0 0.41875 0.359375 0.0265625 0.0359375
0 0.5765625 0.2703125 0.059375 0.0609375
0 0.7453125 0.5203125 0.003125 0.00625
0 0.484375 0.43125 0.084375 0.0828125
0 0.5578125 0.4515625 0.075 0.0609375
0 0.49375 0.478125 0.0640625 0.0484375
0 0.4234375 0.64375 0.0140625 0.009375
0 0.45625 0.621875 0.0109375 0.009375
0 0.2625 0.590625 0.0234375 0.0265625
0 0.2796875 0.5875 0.015625 0.0234375