0 0.365625 0.6046875 0.028125 0.034375
0 0.3921875 0.5921875 0.0296875 0.0265625
0 0.4203125 0.5890625 0.0140625 0.01875
0 0.80625 0.534375 0.021875 0.0203125
0 0.7640625 0.571875 0.025 0.0296875
0 0.5203125 0.475 0.071875 0.075
0 0.590625 0.4828125 0.0796875 0.0796875
0 0.565625 0.55625 0.0078125 0.01875
0 0.2015625 0.453125 0.0515625 0.0515625
0 0.240625 0.471875 0.0484375 0.053125
0 0.1546875 0.6 0.0140625 0.0390625
0 0.575 0.5390625 0.0328125 0.0375
0 0.1796875 0.5890625 0.03125 0.0328125
0 0.5734375 0.5578125 0.003125 0.003125
0 0.7234375 0.70625 0.0578125 0.0390625
0 0.6578125 0.728125 0.034375 0.0453125
0 0.7109375 0.375 0.040625 0.040625
0 0.425 0.4765625 0.0328125 0.028125
0 0.2515625 0.2609375 0.0515625 0.05
0 0.234375 0.390625 0.0109375 0.0109375