0 0.54375 0.784375 0.03125 0.01875
0 0.5671875 0.759375 0.0359375 0.0453125
0 0.5859375 0.778125 0.0296875 0.0171875
0 0.5265625 0.784375 0.0125 0.0046875
0 0.5375 0.75625 0.0375 0.046875
0 0.1234375 0.7453125 0.0734375 0.075
0 0.0625 0.740625 0.0515625 0.0515625
0 0.125 0.790625 0.0734375 0.05625
0 0.5140625 0.690625 0.05 0.0421875
0 0.078125 0.778125 0.028125 0.0265625
0 0.38125 0.7890625 0.0015625 0.003125
0 0.5703125 0.6734375 0.04375 0.0546875
0 0.534375 0.671875 0.053125 0.0453125
0 0.584375 0.8875 0.0453125 0.0296875
0 0.3546875 0.93125 0.0484375 0.021875
0 0.4875 0.5828125 0.0703125 0.06875
0 0.546875 0.5453125 0.06875 0.06875
0 0.4984375 0.5140625 0.06875 0.071875
0 0.103125 0.528125 0.05625 0.0515625
0 0.5640625 0.59375 0.0234375 0.0265625
0 0.6875 0.7734375 0.0296875 0.03125
0 0.653125 0.7890625 0.0203125 0.0296875
0 0.6140625 0.8375 0.0625 0.06875
0 0.99375 0.89375 0.0078125 0.00625