0 0.2875 0.5859375 0.0046875 0.003125
0 0.2921875 0.6140625 0.003125 0.003125
0 0.30625 0.590625 0.0203125 0.0328125
0 0.3421875 0.5828125 0.021875 0.0203125
0 0.7234375 0.5703125 0.025 0.00625
0 0.734375 0.5515625 0.0296875 0.040625
0 0.70625 0.5703125 0.0078125 0.00625
0 0.5203125 0.4765625 0.0734375 0.075
0 0.5984375 0.4875 0.078125 0.078125
0 0.146875 0.4375 0.05625 0.0546875
0 0.1828125 0.4578125 0.0515625 0.0546875
0 0.075 0.5921875 0.0109375 0.04375
0 0.5328125 0.5375 0.046875 0.046875
0 0.103125 0.571875 0.05 0.0359375
0 0.5 0.5578125 0.0046875 0.0109375
0 0.4171875 0.6859375 0.0078125 0.0046875
0 0.4046875 0.7078125 0.025 0.0421875
0 0.678125 0.7109375 0.0546875 0.0453125
0 0.628125 0.5375 0.003125 0.0015625
0 0.6484375 0.3859375 0.0375 0.0421875
0 0.34375 0.4734375 0.03125 0.03125
0 0.2078125 0.2359375 0.0546875 0.0484375
0 0.1734375 0.3734375 0.0125 0.0109375