0 0.65 0.9046875 0.0296875 0.0328125
0 0.6390625 0.8875 0.0015625 0.0015625
0 0.61875 0.9234375 0.03125 0.03125
0 0.68125 0.9 0.028125 0.0328125
0 0.8578125 0.7 0.0359375 0.028125
0 0.871875 0.7140625 0.040625 0.0390625
0 0.840625 0.7328125 0.0328125 0.0375
0 0.5234375 0.48125 0.075 0.071875
0 0.6 0.4640625 0.0765625 0.0734375
0 0.5296875 0.653125 0.0234375 0.0265625
0 0.6671875 0.9515625 0.05625 0.0609375
0 0.00625 0.7921875 0.003125 0.009375
0 0.009375 0.8203125 0.01875 0.028125
0 0.0375 0.7984375 0.028125 0.03125
0 0.059375 0.7828125 0.025 0.0203125
0 0.5265625 0.7234375 0.059375 0.0578125
0 0.546875 0.684375 0.0671875 0.0671875
0 0.9171875 0.9390625 0.0375 0.0390625
0 0.9828125 0.6140625 0.0296875 0.0359375
0 0.85625 0.7984375 0.0109375 0.0234375
0 0.5625 0.559375 0.0234375 0.028125
0 0.60625 0.54375 0.0296875 0.0375
0 0.484375 0.9609375 0.028125 0.009375
0 0.4734375 0.9765625 0.04375 0.0421875
0 0.515625 0.9875 0.034375 0.0203125
0 0.1734375 0.6375 0.028125 0.025
0 0.1640625 0.6546875 0.0265625 0.0203125
0 0.028125 0.7703125 0.0359375 0.0390625
0 0.05625 0.759375 0.040625 0.0359375
0 0.24375 0.7109375 0.0203125 0.01875