0 0.7375 0.7546875 0.0421875 0.0234375
0 0.7453125 0.728125 0.046875 0.05
0 0.78125 0.7359375 0.0421875 0.05
0 0.7015625 0.7484375 0.04375 0.021875
0 0.6984375 0.7234375 0.05 0.053125
0 0.1703125 0.70625 0.0625 0.0640625
0 0.134375 0.6984375 0.0484375 0.0546875
0 0.196875 0.7421875 0.0625 0.059375
0 0.146875 0.7875 0.0296875 0.009375
0 0.5984375 0.6546875 0.0546875 0.0375
0 0.678125 0.7625 0.0203125 0.0265625
0 0.2828125 0.740625 0.0234375 0.034375
0 0.6515625 0.628125 0.05625 0.059375
0 0.5953125 0.621875 0.059375 0.059375
0 0.7078125 0.8515625 0.0578125 0.0625
0 0.5234375 0.890625 0.04375 0.0453125
0 0.13125 0.9 0.0171875 0.0015625
0 0.1640625 0.93125 0.04375 0.046875
0 0.1890625 0.9078125 0.0140625 0.015625
0 0.88125 0.8453125 0.0125 0.028125
0 0.86875 0.8453125 0.0109375 0.03125
0 0.421875 0.5296875 0.0703125 0.0703125
0 0.4796875 0.4859375 0.0703125 0.071875
0 0.40625 0.459375 0.075 0.075
0 0.234375 0.525 0.05 0.046875
0 0.728125 0.5421875 0.0484375 0.0484375
0 0.9859375 0.7734375 0.025 0.0375
0 0.6234375 0.7984375 0.071875 0.0765625
0 0.6484375 0.53125 0.0234375 0.01875
0 0.80625 0.671875 0.03125 0.0265625