0 0.571875 0.6265625 0.0078125 0.003125
0 0.7125 0.5921875 0.028125 0.034375
0 0.484375 0.4734375 0.0734375 0.071875
0 0.515625 0.4921875 0.065625 0.0609375
0 0.309375 0.646875 0.040625 0.0375
0 0.9328125 0.59375 0.0671875 0.01875
0 0.35625 0.6375 0.0578125 0.0546875
0 0.696875 0.5890625 0.015625 0.0390625
0 0.8875 0.559375 0.01875 0.0328125
0 0.8984375 0.540625 0.0046875 0.0015625
0 0.0515625 0.6515625 0.00625 0.003125
0 0.0328125 0.6796875 0.015625 0.025
0 0.5484375 0.2046875 0.0609375 0.0640625
0 0.1140625 0.521875 0.0109375 0.0140625
0 0.41875 0.3734375 0.03125 0.015625