0 0.9484375 0.775 0.0078125 0.003125
0 0.95 0.7703125 0.009375 0.009375
0 0.90625 0.865625 0.0078125 0.0046875
0 0.9078125 0.8765625 0.00625 0.009375
0 0.9359375 0.7828125 0.0109375 0.0109375
0 0.21875 0.690625 0.0421875 0.0390625
0 0.2140625 0.7140625 0.01875 0.009375
0 0.134375 0.7171875 0.0171875 0.00625
0 0.1375 0.715625 0.0140625 0.003125
0 0.203125 0.6859375 0.0421875 0.0328125
0 0.9578125 0.853125 0.009375 0.0109375
0 0.946875 0.85 0.0109375 0.009375
0 0.9921875 0.8078125 0.0109375 0.009375
0 0.9796875 0.8 0.0109375 0.0078125
0 0.8671875 0.878125 0.0109375 0.009375
0 0.865625 0.8546875 0.0109375 0.0078125
0 0.8921875 0.8046875 0.0109375 0.0109375