0 0.0921875 0.83125 0.00625 0.0015625
0 0.0921875 0.828125 0.0046875 0.00625
0 0.1 0.8265625 0.009375 0.009375
0 0.3828125 0.509375 0.0046875 0.003125
0 0.3296875 0.5203125 0.053125 0.0125
0 0.3421875 0.5078125 0.0609375 0.034375
0 0.415625 0.4703125 0.0734375 0.078125
0 0.48125 0.4703125 0.0375 0.0703125
0 0.8171875 0.3625 0.0328125 0.003125
0 0.8125 0.3859375 0.040625 0.0546875
0 0.9015625 0.08125 0.0265625 0.0515625
0 0.0359375 0.1875 0.071875 0.1078125
0 0.0375 0.7328125 0.0078125 0.00625
0 0.028125 0.7296875 0.0078125 0.003125