0 0.553125 0.5171875 0.04375 0.0453125
0 0.534375 0.5359375 0.0296875 0.040625
0 0.51875 0.525 0.01875 0.0140625
0 0.590625 0.5125 0.028125 0.0359375
0 0.5546875 0.5453125 0.009375 0.00625
0 0.809375 0.309375 0.04375 0.034375
0 0.3984375 0.2125 0.0421875 0.0453125
0 0.834375 0.2671875 0.0921875 0.0875
0 0.946875 0.6578125 0.0390625 0.0296875
0 0.94375 0.2109375 0.0453125 0.0421875
0 0.5265625 0.0078125 0.046875 0.0171875
0 0.421875 0.478125 0.059375 0.03125
0 0.434375 0.4234375 0.075 0.078125
0 0.4921875 0.4640625 0.06875 0.0640625