0 0.884375 0.5828125 0.01875 0.0171875
0 0.8890625 0.60625 0.0109375 0.003125
0 0.8671875 0.6078125 0.01875 0.003125
0 0.9265625 0.5828125 0.003125 0.0078125
0 0.6296875 0.175 0.0421875 0.0453125
0 0.671875 0.153125 0.04375 0.0453125
0 0.78125 0.4203125 0.0265625 0.025
0 0.8765625 0.3875 0.075 0.0703125
0 0.9546875 0.4015625 0.08125 0.075
0 0.8109375 0.5125 0.040625 0.0375
0 0.9546875 0.0484375 0.053125 0.0515625
0 0.446875 0.571875 0.0046875 0.003125
0 0.4359375 0.5671875 0.015625 0.01875
0 0.4296875 0.575 0.015625 0.021875
0 0.44375 0.559375 0.01875 0.0203125
0 0.459375 0.5484375 0.0140625 0.0140625
0 0.66875 0.4625 0.04375 0.0359375
0 0.6359375 0.4390625 0.05 0.046875
0 0.678125 0.4265625 0.05 0.05
0 0.678125 0.35 0.0375 0.0359375
0 0.678125 0.3125 0.0421875 0.040625
0 0.4765625 0.471875 0.0765625 0.075
0 0.7765625 0.3203125 0.0265625 0.025
0 0.790625 0.290625 0.03125 0.03125
0 0.71875 0.6078125 0.0203125 0.0109375
0 0.7109375 0.590625 0.0265625 0.028125
0 0.740625 0.603125 0.028125 0.01875
0 0.5328125 0.46875 0.01875 0.0171875
0 0.528125 0.4859375 0.0171875 0.015625
0 0.334375 0.4421875 0.021875 0.021875
0 0.3515625 0.5046875 0.0140625 0.01875
0 0.4375 0.521875 0.0171875 0.01875
0 0.45 0.5140625 0.025 0.021875
0 0.59375 0.528125 0.01875 0.0171875