0 0.0046875 0.8421875 0.0015625 0.0015625
0 0.00625 0.8640625 0.0078125 0.00625
0 0.3484375 0.621875 0.0234375 0.0234375
0 0.325 0.6203125 0.0171875 0.0203125
0 0.11875 0.5578125 0.0421875 0.0390625
0 0.2140625 0.803125 0.0234375 0.028125
0 0.2203125 0.653125 0.015625 0.0203125
0 0.7765625 0.7078125 0.0515625 0.053125
0 0.7765625 0.734375 0.0515625 0.0359375
0 0.771875 0.7578125 0.046875 0.0390625
0 0.7328125 0.7234375 0.0421875 0.0390625
0 0.728125 0.6953125 0.0484375 0.04375
0 0.328125 0.7984375 0.009375 0.021875
0 0.3484375 0.7921875 0.0171875 0.025
0 0.3234375 0.7828125 0.0171875 0.009375
0 0.3171875 0.6921875 0.025 0.025
0 0.31875 0.6765625 0.0234375 0.0171875
0 0.390625 0.84375 0.01875 0.0203125
0 0.190625 0.534375 0.03125 0.03125
0 0.1921875 0.5484375 0.03125 0.0140625
0 0.253125 0.8625 0.0296875 0.028125
0 0.275 0.853125 0.01875 0.03125
0 0.240625 0.8765625 0.003125 0.0015625
0 0.215625 0.778125 0.0140625 0.0171875
0 0.2421875 0.6984375 0.0203125 0.01875
0 0.6203125 0.396875 0.0484375 0.0546875
0 0.6578125 0.4078125 0.059375 0.0625
0 0.8421875 0.53125 0.021875 0.0296875
0 0.8546875 0.6296875 0.0390625 0.0390625
0 0.6703125 0.6984375 0.040625 0.0296875
0 0.6328125 0.6890625 0.034375 0.021875
0 0.4953125 0.4609375 0.071875 0.0765625