0 0.3046875 0.6625 0.0109375 0.0125
0 0.4984375 0.503125 0.0015625 0.0015625
0 0.465625 0.515625 0.0234375 0.01875
0 0.3765625 0.0734375 0.0640625 0.0640625
0 0.440625 0.0796875 0.0625 0.0671875
0 0.175 0.4265625 0.0296875 0.03125
0 0.9328125 0.5453125 0.05 0.084375
0 0.36875 0.5921875 0.046875 0.03125
0 0.8203125 0.1609375 0.065625 0.0625
0 0.4171875 0.515625 0.0734375 0.0609375
0 0.403125 0.471875 0.0734375 0.0734375
0 0.4765625 0.475 0.071875 0.075
0 0.3015625 0.3328125 0.0546875 0.05625
0 0.3421875 0.2859375 0.05625 0.0578125
0 0.853125 0.58125 0.1640625 0.140625
0 0.5546875 0.7453125 0.0265625 0.009375
0 0.4828125 0.7 0.0296875 0.021875
0 0.571875 0.4375 0.028125 0.021875
0 0.4359375 0.6203125 0.021875 0.0125
0 0.2546875 0.3109375 0.0359375 0.0390625
0 0.296875 0.2875 0.0328125 0.034375
0 0.125 0.6625 0.0046875 0.0078125
0 0.1484375 0.646875 0.0421875 0.040625
0 0.1734375 0.678125 0.0140625 0.025