0 0.7140625 0.6578125 0.015625 0.0171875
0 0.6703125 0.6875 0.003125 0.0015625
0 0.734375 0.653125 0.0265625 0.028125
0 0.8875 0.45 0.0125 0.009375
0 0.9046875 0.4640625 0.0296875 0.0328125
0 0.88125 0.490625 0.0375 0.0203125
0 0.509375 0.1109375 0.0609375 0.0640625
0 0.571875 0.090625 0.0625 0.065625
0 0.5984375 0.44375 0.015625 0.00625
0 0.978125 0.4765625 0.0390625 0.1078125
0 0.6828125 0.5859375 0.04375 0.0484375
0 0.1359375 0.615625 0.0109375 0.0046875
0 0.559375 0.5265625 0.06875 0.05625
0 0.515625 0.4890625 0.0703125 0.0703125
0 0.584375 0.478125 0.075 0.075
0 0.5375 0.3640625 0.05 0.046875
0 0.5484375 0.3125 0.0578125 0.0546875
0 0.35625 0.59375 0.175 0.1703125
0 0.9703125 0.696875 0.0359375 0.03125
0 0.934375 0.60625 0.025 0.0109375
0 0.6125 0.3359375 0.0328125 0.034375
0 0.6375 0.30625 0.0359375 0.0375
0 0.5265625 0.6640625 0.0375 0.040625
0 0.58125 0.6875 0.009375 0.003125
0 0.2859375 0.48125 0.0234375 0.021875
0 0.2796875 0.4984375 0.021875 0.021875
0 0.0265625 0.4265625 0.0328125 0.03125
0 0.0453125 0.509375 0.03125 0.0296875
0 0.1609375 0.546875 0.028125 0.0296875
0 0.175 0.534375 0.01875 0.028125