0 0.990625 0.625 0.0125 0.025
0 0.459375 0.0765625 0.0609375 0.065625
0 0.509375 0.0359375 0.0546875 0.06875
0 0.5484375 0.3546875 0.1375 0.1484375
0 0.6796875 0.371875 0.165625 0.1671875
0 0.778125 0.5421875 0.053125 0.0515625
0 0.4375 0.6109375 0.0078125 0.00625
0 0.428125 0.609375 0.009375 0.0078125
0 0.4421875 0.584375 0.021875 0.0109375
0 0.45 0.58125 0.0109375 0.0140625
0 0.4796875 0.4921875 0.0703125 0.0453125
0 0.4171875 0.45625 0.0703125 0.06875
0 0.4671875 0.4359375 0.075 0.0765625
0 0.55625 0.2609375 0.05625 0.0421875
0 0.803125 0.278125 0.003125 0.0078125
0 0.790625 0.221875 0.015625 0.015625
0 0.70625 0.6515625 0.0125 0.0359375
0 0.690625 0.640625 0.0296875 0.040625
0 0.728125 0.65625 0.0421875 0.040625
0 0.5640625 0.4828125 0.0078125 0.009375
0 0.5640625 0.496875 0.0046875 0.0171875
0 0.30625 0.4609375 0.0265625 0.025
0 0.4125 0.5625 0.0234375 0.0125
0 0.6375 0.5453125 0.01875 0.021875