0 0.878125 0.6015625 0.0140625 0.0078125
0 0.8625 0.596875 0.015625 0.009375
0 0.6015625 0.4875 0.075 0.078125
0 0.525 0.4765625 0.0765625 0.0734375
0 0.5796875 0.5390625 0.071875 0.0703125
0 0.1515625 0.6390625 0.025 0.0421875
0 0.1203125 0.65 0.003125 0.00625
0 0.875 0.4953125 0.0328125 0.0484375
0 0.440625 0.6078125 0.0015625 0.003125
0 0.4796875 0.5859375 0.00625 0.0078125
0 0.415625 0.59375 0.0515625 0.0453125
0 0.953125 0.459375 0.003125 0.0046875
0 0.9203125 0.4578125 0.0625 0.04375
0 0.946875 0.6953125 0.053125 0.053125
0 0.6765625 0.7453125 0.0171875 0.0203125
0 0.2421875 0.79375 0.059375 0.0546875
0 0.3 0.809375 0.05625 0.0625
0 0.303125 0.78125 0.0515625 0.034375
0 0.96875 0.31875 0.059375 0.071875
0 0.996875 0.2796875 0.003125 0.003125
0 0.9796875 0.240625 0.0359375 0.071875
0 0.4734375 0.315625 0.0578125 0.0578125