0 0.99375 0.3234375 0.0078125 0.046875
0 0.990625 0.3875 0.015625 0.0609375
0 0.875 0.0296875 0.003125 0.0140625
0 0.1015625 0.2046875 0.1046875 0.0859375
0 0.659375 0.503125 0.0203125 0.028125
0 0.628125 0.5125 0.021875 0.03125
0 0.609375 0.5234375 0.01875 0.028125
0 0.615625 0.503125 0.0328125 0.025
0 0.6453125 0.4828125 0.025 0.028125
0 0.496875 0.4734375 0.0484375 0.0703125
0 0.396875 0.4625 0.053125 0.06875
0 0.4484375 0.4671875 0.075 0.0734375
0 0.8046875 0.31875 0.0328125 0.03125
0 0.81875 0.34375 0.0328125 0.03125
0 0.4734375 0.3828125 0.0078125 0.0140625
0 0.5296875 0.4546875 0.021875 0.03125
0 0.515625 0.4328125 0.0359375 0.0359375
0 0.965625 0.3828125 0.0296875 0.0328125