0 0.71875 0.7890625 0.0359375 0.0375
0 0.6828125 0.8078125 0.0296875 0.0171875
0 0.75 0.78125 0.040625 0.040625
0 0.9515625 0.53125 0.021875 0.0078125
0 0.971875 0.5546875 0.04375 0.0453125
0 0.9359375 0.5828125 0.046875 0.0375
0 0.4359375 0.121875 0.0890625 0.0953125
0 0.5265625 0.090625 0.0921875 0.0984375
0 0.578125 0.5265625 0.028125 0.034375
0 0.6859375 0.7671875 0.0671875 0.06875
0 0.09375 0.6890625 0.0078125 0.0109375
0 0.0609375 0.690625 0.0296875 0.03125
0 0.053125 0.70625 0.0203125 0.03125
0 0.0765625 0.6828125 0.0375 0.0328125
0 0.1 0.6671875 0.0359375 0.0328125
0 0.4984375 0.8109375 0.10625 0.0703125
0 0.425 0.7515625 0.109375 0.121875
0 0.5328125 0.74375 0.128125 0.1296875
0 0.4890625 0.4734375 0.06875 0.06875
0 0.5015625 0.4078125 0.08125 0.0765625
0 0.9859375 0.6890625 0.021875 0.0171875
0 0.603125 0.39375 0.040625 0.0421875
0 0.6328125 0.3609375 0.04375 0.046875
0 0.5046875 0.8578125 0.0171875 0.00625
0 0.4984375 0.8546875 0.0109375 0.0109375
0 0.53125 0.8515625 0.0359375 0.0296875
0 0.2296875 0.540625 0.028125 0.0265625
0 0.221875 0.559375 0.0265625 0.0234375
0 0.0578125 0.64375 0.0390625 0.0390625
0 0.08125 0.6296875 0.0421875 0.0359375
0 0.3078125 0.6265625 0.025 0.0109375