0 0.4078125 0.95 0.0421875 0.0546875
0 0.4734375 0.9484375 0.0171875 0.0515625
0 0.41875 0.9796875 0.0390625 0.01875
0 0.45 0.946875 0.0484375 0.053125
0 0.4984375 0.9453125 0.046875 0.0546875
0 0.43125 0.6671875 0.0546875 0.0578125
0 0.378125 0.6765625 0.040625 0.046875
0 0.3921875 0.7203125 0.0515625 0.0484375
0 0.4125 0.6328125 0.021875 0.03125
0 0.321875 0.784375 0.021875 0.0171875
0 0.3 0.790625 0.0171875 0.025
0 0.275 0.80625 0.025 0.025
0 0.2859375 0.7859375 0.025 0.0265625
0 0.3109375 0.771875 0.0234375 0.025
0 0.4953125 0.4703125 0.071875 0.071875
0 0.9765625 0.840625 0.04375 0.0640625
0 0.2234375 0.540625 0.040625 0.040625
0 0.1609375 0.5203125 0.04375 0.0453125
0 0.125 0.9703125 0.025 0.0421875
0 0.0609375 0.9578125 0.0234375 0.015625
0 0.1046875 0.984375 0.0140625 0.0265625
0 0.4609375 0.6578125 0.0015625 0.009375
0 0.18125 0.6625 0.0265625 0.0234375
0 0.203125 0.728125 0.025 0.0234375
0 0.209375 0.7671875 0.0265625 0.028125
0 0.2015625 0.7578125 0.0296875 0.028125
0 0.546875 0.7171875 0.0015625 0.003125