0 0.7484375 0.921875 0.034375 0.021875
0 0.715625 0.928125 0.03125 0.0171875
0 0.7796875 0.9046875 0.0296875 0.0375
0 0.9640625 0.6953125 0.0390625 0.03125
0 0.9765625 0.7125 0.04375 0.0421875
0 0.9484375 0.7328125 0.04375 0.040625
0 0.5234375 0.4796875 0.0734375 0.071875
0 0.6 0.4609375 0.0765625 0.075
0 0.621875 0.653125 0.028125 0.028125
0 0.7265625 0.9578125 0.0609375 0.0640625
0 0.1390625 0.8 0.0140625 0.0265625
0 0.128125 0.8203125 0.0265625 0.028125
0 0.1546875 0.7953125 0.0296875 0.03125
0 0.1765625 0.778125 0.0265625 0.0265625
0 0.559375 0.725 0.059375 0.0546875
0 0.5734375 0.684375 0.06875 0.0671875
0 0.9890625 0.796875 0.01875 0.0203125
0 0.646875 0.55 0.025 0.0171875
0 0.671875 0.540625 0.040625 0.040625
0 0.546875 0.978125 0.046875 0.040625
0 0.5828125 0.9953125 0.0125 0.00625
0 0.284375 0.6421875 0.0265625 0.025
0 0.278125 0.6609375 0.0234375 0.01875
0 0.0078125 0.628125 0.0171875 0.0328125
0 0.0171875 0.71875 0.0359375 0.0328125
0 0.1421875 0.7703125 0.03125 0.0375
0 0.165625 0.7609375 0.0375 0.034375
0 0.359375 0.709375 0.01875 0.0234375