0 0.5171875 0.65 0.0046875 0.0078125
0 0.50625 0.6484375 0.003125 0.0078125
0 0.5109375 0.6484375 0.0078125 0.0078125
0 0.5140625 0.65 0.0015625 0.00625
0 0.490625 0.640625 0.0046875 0.00625
0 0.5859375 0.6453125 0.0015625 0.003125
0 0.340625 0.94375 0.1625 0.109375
0 0.128125 0.9609375 0.1875 0.075
0 0.2734375 0.9921875 0.0671875 0.0109375
0 0.259375 0.925 0.09375 0.1453125
0 0.0625 0.934375 0.1265625 0.128125
0 0.4046875 0.44375 0.059375 0.0609375
0 0.484375 0.4796875 0.059375 0.0734375
0 0.4515625 0.496875 0.0765625 0.0765625
0 0.484375 0.6359375 0.0046875 0.003125
0 0.4890625 0.66875 0.0078125 0.0078125
0 0.528125 0.6796875 0.0078125 0.0078125
0 0.625 0.6703125 0.0078125 0.009375
0 0.634375 0.6703125 0.0078125 0.0078125
0 0.6375 0.675 0.00625 0.0046875
0 0.6296875 0.675 0.003125 0.0015625
0 0.6171875 0.6703125 0.0078125 0.009375
0 0.4609375 0.628125 0.0046875 0.003125
0 0.546875 0.6390625 0.0078125 0.00625
0 0.55625 0.64375 0.00625 0.0046875
0 0.5546875 0.6015625 0.0046875 0.0078125
0 0.5734375 0.625 0.0078125 0.0078125
0 0.5609375 0.6109375 0.003125 0.0046875
0 0.684375 0.65625 0.003125 0.0046875
0 0.671875 0.6546875 0.003125 0.003125
0 0.38125 0.3859375 0.0515625 0.05