0 0.5765625 0.5328125 0.0515625 0.04375
0 0.565625 0.50625 0.06875 0.0640625
0 0.6265625 0.5375 0.0671875 0.071875
0 0.5109375 0.5265625 0.0390625 0.021875
0 0.5046875 0.4984375 0.0640625 0.0453125
0 0.290625 0.290625 0.053125 0.05
0 0.3015625 0.325 0.034375 0.0484375
0 0.328125 0.3328125 0.053125 0.0515625
0 0.73125 0.4015625 0.0171875 0.021875
0 0.6890625 0.4015625 0.0203125 0.015625
0 0.7578125 0.0578125 0.0578125 0.0671875
0 0.5859375 0.6765625 0.0265625 0.021875
0 0.559375 0.6859375 0.0265625 0.028125
0 0.646875 0.5796875 0.0359375 0.0265625
0 0.7046875 0.6234375 0.0078125 0.0046875
0 0.7203125 0.4578125 0.0015625 0.00625
0 0.7125 0.459375 0.0171875 0.025
0 0.015625 0.703125 0.0328125 0.0609375
0 0.040625 0.5875 0.071875 0.0671875
0 0.1484375 0.203125 0.0453125 0.03125
0 0.6890625 0.159375 0.0453125 0.0515625
0 0.65625 0.1953125 0.0421875 0.0484375
0 0.828125 0.6140625 0.053125 0.0515625
0 0.78125 0.6328125 0.046875 0.04375
0 0.478125 0.6453125 0.0203125 0.0203125