0 0.834375 0.509375 0.0515625 0.0359375
0 0.815625 0.4734375 0.05625 0.05625
0 0.8703125 0.4828125 0.0578125 0.05625
0 0.78125 0.5 0.0515625 0.0421875
0 0.75625 0.4734375 0.05625 0.0578125
0 0.2109375 0.478125 0.053125 0.0546875
0 0.2140625 0.496875 0.046875 0.021875
0 0.2484375 0.5140625 0.0546875 0.0515625
0 0.578125 0.378125 0.05625 0.0578125
0 0.8609375 0.5828125 0.0421875 0.040625
0 0.8203125 0.5765625 0.0390625 0.0390625
0 0.6109375 0.3453125 0.0609375 0.0625
0 0.54375 0.34375 0.0625 0.0625
0 0.7015625 0.575 0.0640625 0.0625
0 0.6046875 0.675 0.0421875 0.0484375
0 0.346875 0.725 0.00625 0.0109375
0 0.35625 0.721875 0.009375 0.0125
0 0.296875 0.2515625 0.065625 0.0671875
0 0.3296875 0.196875 0.065625 0.06875
0 0.2625 0.1859375 0.06875 0.0703125
0 0.3375 0.365625 0.021875 0.025
0 0.778125 0.271875 0.0578125 0.053125
0 0.4875 0.471875 0.0703125 0.0734375
0 0.6203125 0.4078125 0.0046875 0.0046875
0 0.8 0.328125 0.0234375 0.0328125