0 0.4953125 0.471875 0.0734375 0.059375
0 0.409375 0.4296875 0.0765625 0.0796875
0 0.4859375 0.43125 0.0765625 0.08125
0 0.4328125 0.4765625 0.0625 0.0484375
0 0.3578125 0.4421875 0.0671875 0.078125
0 0.1109375 0.3640625 0.0734375 0.06875
0 0.653125 0.5265625 0.003125 0.01875
0 0.5984375 0.5375 0.015625 0.009375
0 0.775 0.5609375 0.0578125 0.0609375
0 0.725 0.55625 0.0515625 0.0546875
0 0.0859375 0.3171875 0.08125 0.078125
0 0.034375 0.3328125 0.06875 0.075
0 0.1609375 0.5921875 0.0859375 0.084375
0 0.34375 0.6921875 0.04375 0.0171875
0 0.3703125 0.1671875 0.071875 0.075
0 0.5984375 0.3828125 0.025 0.025
0 0.671875 0.2265625 0.0453125 0.05625
0 0.678125 0.2859375 0.025 0.040625