0 0.9921875 0.825 0.0125 0.0328125
0 0.9765625 0.83125 0.0421875 0.0359375
0 0.396875 0.2421875 0.08125 0.08125
0 0.453125 0.196875 0.084375 0.0859375
0 0.8078125 0.8109375 0.065625 0.0734375
0 0.4375 0.7140625 0.003125 0.0015625
0 0.4359375 0.690625 0.0234375 0.0140625
0 0.40625 0.8625 0.08125 0.0796875
0 0.3078125 0.8203125 0.0734375 0.103125
0 0.3828125 0.815625 0.10625 0.1171875
0 0.5484375 0.5359375 0.06875 0.059375
0 0.525 0.4765625 0.0765625 0.0734375
0 0.80625 0.403125 0.0453125 0.0390625
0 0.8171875 0.3703125 0.0453125 0.040625
0 0.675 0.8734375 0.028125 0.0390625
0 0.546875 0.571875 0.025 0.0140625
0 0.265625 0.565625 0.0296875 0.028125
0 0.2890625 0.64375 0.0296875 0.0296875
0 0.371875 0.69375 0.0015625 0.003125
0 0.39375 0.6640625 0.0296875 0.0140625
0 0.6359375 0.64375 0.0234375 0.0171875