0 0.5125 0.4921875 0.06875 0.071875
0 0.6 0.503125 0.065625 0.06875
0 0.5328125 0.5421875 0.0671875 0.0546875
0 0.56875 0.465625 0.075 0.075
0 0.64375 0.4765625 0.0765625 0.071875
0 0.5375 0.1875 0.05 0.053125
0 0.4734375 0.553125 0.025 0.015625
0 0.4484375 0.5640625 0.025 0.0265625
0 0.4234375 0.58125 0.028125 0.0234375
0 0.434375 0.5546875 0.025 0.03125
0 0.4625 0.5421875 0.025 0.0203125
0 0.934375 0.5 0.1265625 0.2640625
0 0.9703125 0.3390625 0.0546875 0.1015625
0 0.2578125 0.03125 0.05625 0.0625
0 0.1671875 0.00625 0.046875 0.0125
0 0.153125 0.59375 0.0390625 0.0375
0 0.084375 0.5734375 0.0515625 0.046875
0 0.10625 0.5890625 0.065625 0.059375
0 0.6 0.3859375 0.0140625 0.0203125
0 0.621875 0.4171875 0.01875 0.0046875
0 0.3171875 0.4375 0.028125 0.0265625
0 0.3453125 0.4984375 0.0046875 0.009375
0 0.334375 0.5171875 0.025 0.03125
0 0.325 0.5 0.0328125 0.0328125
0 0.74375 0.4484375 0.025 0.025