0 0.7765625 0.290625 0.0515625 0.053125
0 0.8015625 0.328125 0.0125 0.0078125
0 0.7453125 0.2703125 0.040625 0.0390625
0 0.75625 0.015625 0.08125 0.03125
0 0.225 0.35 0.0125 0.0453125
0 0.065625 0.203125 0.0890625 0.0796875
0 0.8390625 0.0203125 0.0859375 0.040625
0 0.465625 0.496875 0.0015625 0.015625
0 0.565625 0.65 0.0046875 0.0046875
0 0.575 0.653125 0.003125 0.003125
0 0.79375 0.028125 0.0015625 0.003125
0 0.984375 0.0359375 0.0265625 0.071875
0 0.2109375 0.1796875 0.034375 0.0078125
0 0.4953125 0.20625 0.0015625 0.0015625