0 0.596875 0.521875 0.0671875 0.0453125
0 0.521875 0.4796875 0.0734375 0.075
0 0.5953125 0.48125 0.0734375 0.0765625
0 0.534375 0.5203125 0.0609375 0.0421875
0 0.4671875 0.4890625 0.0625 0.071875
0 0.0453125 0.55625 0.028125 0.0515625
0 0.0765625 0.584375 0.0265625 0.0265625
0 0.2296875 0.4140625 0.065625 0.0609375
0 0.6578125 0.5578125 0.003125 0.003125
0 0.84375 0.5921875 0.0578125 0.0578125
0 0.7921875 0.5875 0.0515625 0.053125
0 0.2125 0.371875 0.0734375 0.0734375
0 0.15625 0.3828125 0.06875 0.0703125
0 0.2953125 0.634375 0.078125 0.078125
0 0.421875 0.7078125 0.009375 0.0015625
0 0.2875 0.790625 0.0109375 0.0171875
0 0.475 0.228125 0.0671875 0.0703125
0 0.009375 0.55 0.01875 0.0640625
0 0.6546875 0.4109375 0.0203125 0.0171875
0 0.746875 0.2578125 0.034375 0.0296875
0 0.7515625 0.3296875 0.0078125 0.0203125