0 0.98125 0.38125 0.0328125 0.0734375
0 0.9703125 0.4390625 0.0546875 0.0609375
0 0.846875 0.0953125 0.0578125 0.046875
0 0.25 0.20625 0.103125 0.103125
0 0.5109375 0.5234375 0.003125 0.003125
0 0.4921875 0.5328125 0.0296875 0.0203125
0 0.546875 0.4875 0.00625 0.0265625
0 0.0140625 0.0078125 0.028125 0.015625
0 0.528125 0.4796875 0.01875 0.021875
0 0.4375 0.4671875 0.05 0.053125
0 0.4875 0.4703125 0.0671875 0.0625
0 0.6828125 0.3484375 0.0265625 0.0234375
0 0.696875 0.375 0.0125 0.021875
0 0.8203125 0.41875 0.0296875 0.03125