0 0.096875 0.8265625 0.00625 0.009375
0 0.1078125 0.8296875 0.00625 0.0015625
0 0.0953125 0.8328125 0.0078125 0.003125
0 0.10625 0.825 0.009375 0.009375
0 0.115625 0.825 0.009375 0.009375
0 0.503125 0.4859375 0.053125 0.071875
0 0.5515625 0.4875 0.0546875 0.06875
0 0.853125 0.384375 0.0421875 0.0109375
0 0.853125 0.3921875 0.0390625 0.0265625
0 0.9546875 0.1296875 0.053125 0.04375
0 0.05 0.2359375 0.1015625 0.1
0 0.159375 0.2375 0.0984375 0.0953125
0 0.0265625 0.790625 0.00625 0.003125
0 0.0171875 0.7921875 0.0078125 0.0078125
0 0.0078125 0.7984375 0.0078125 0.009375
0 0.015625 0.790625 0.009375 0.0078125
0 0.025 0.7859375 0.009375 0.0078125
0 0.15 0.8609375 0.009375 0.009375
0 0.040625 0.7328125 0.0046875 0.0046875
0 0.0203125 0.834375 0.00625 0.0078125
0 0.0046875 0.8328125 0.0078125 0.0078125
0 0.015625 0.8390625 0.0078125 0.009375