0 0.8875 0.1703125 0.13125 0.128125
0 0.9953125 0.14375 0.00625 0.01875
0 0.9453125 0.2578125 0.10625 0.1109375
0 0.9421875 0.0703125 0.1109375 0.140625
0 0.0609375 0.3375 0.084375 0.078125
0 0.975 0.4734375 0.0390625 0.021875
0 0.940625 0.4859375 0.0421875 0.0390625
0 0.9484375 0.465625 0.0265625 0.0109375
0 0.08125 0.20625 0.053125 0.0578125
0 0.01875 0.184375 0.0375 0.0484375
0 0.496875 0.4765625 0.06875 0.0734375
0 0.428125 0.4796875 0.075 0.071875
0 0.7875 0.3484375 0.021875 0.025
0 0.846875 0.4234375 0.0015625 0.0046875
0 0.80625 0.434375 0.0203125 0.0140625
0 0.7890625 0.403125 0.0265625 0.0375