0 0.8828125 0.4875 0.03125 0.034375
0 0.871875 0.503125 0.0125 0.0046875
0 0.84375 0.490625 0.0125 0.0296875
0 0.9109375 0.4859375 0.0359375 0.0296875
0 0.9109375 0.5 0.028125 0.0078125
0 0.959375 0.4671875 0.034375 0.009375
0 0.965625 0.434375 0.0515625 0.046875
0 0.9359375 0.4640625 0.0078125 0.0046875
0 0.9109375 0.5890625 0.0328125 0.0171875
0 0.5078125 0.46875 0.0484375 0.0765625
0 0.4734375 0.459375 0.0765625 0.08125
0 0.553125 0.465625 0.0828125 0.084375
0 0.6015625 0.471875 0.0609375 0.078125
0 0.5578125 0.50625 0.040625 0.0046875
0 0.9296875 0.2140625 0.0328125 0.0328125
0 0.74375 0.3015625 0.0515625 0.0484375
0 0.978125 0.2296875 0.040625 0.0390625
0 0.8484375 0.053125 0.140625 0.1078125
0 0.8453125 0.1265625 0.1203125 0.0953125