0 0.5984375 0.7984375 0.059375 0.034375
0 0.534375 0.7546875 0.078125 0.0796875
0 0.6125 0.7671875 0.0765625 0.084375
0 0.540625 0.7890625 0.0515625 0.0265625
0 0.46875 0.75 0.065625 0.078125
0 0.2078125 0.6609375 0.071875 0.0578125
0 0.8140625 0.80625 0.0546875 0.0609375
0 0.3109375 0.765625 0.0171875 0.040625
0 0.7625 0.7890625 0.053125 0.0515625
0 0.196875 0.628125 0.08125 0.0796875
0 0.125 0.628125 0.0734375 0.0765625
0 0.29375 0.94375 0.084375 0.09375
0 0.4 0.971875 0.05 0.0515625
0 0.2359375 0.915625 0.0296875 0.0234375
0 0.2234375 0.94375 0.0390625 0.040625
0 0.140625 0.559375 0.015625 0.025
0 0.4859375 0.4734375 0.071875 0.0734375
0 0.7171875 0.4625 0.0484375 0.040625
0 0.690625 0.5203125 0.0125 0.0046875