0 0.66875 0.640625 0.0296875 0.025
0 0.69375 0.640625 0.0265625 0.03125
0 0.8484375 0.4375 0.00625 0.0125
0 0.8625 0.446875 0.0234375 0.0234375
0 0.846875 0.4609375 0.0375 0.0328125
0 0.434375 0.059375 0.0625 0.0671875
0 0.496875 0.0359375 0.0640625 0.0703125
0 0.5625 0.4328125 0.0203125 0.0234375
0 0.915625 0.4 0.1390625 0.1296875
0 0.990625 0.4375 0.0140625 0.0703125
0 0.625 0.5609375 0.0453125 0.05
0 0.09375 0.6015625 0.0109375 0.0125
0 0.4734375 0.4875 0.075 0.059375
0 0.425 0.446875 0.075 0.075
0 0.49375 0.4328125 0.0796875 0.0796875
0 0.4734375 0.328125 0.0515625 0.053125
0 0.4828125 0.2734375 0.059375 0.05625
0 0.1125 0.503125 0.2046875 0.190625
0 0.940625 0.6828125 0.034375 0.034375
0 0.9859375 0.34375 0.025 0.0265625
0 0.9125 0.590625 0.0234375 0.0234375
0 0.5734375 0.3109375 0.03125 0.0296875
0 0.5953125 0.2796875 0.0359375 0.0375
0 0.4765625 0.646875 0.0390625 0.0390625
0 0.5171875 0.6578125 0.0390625 0.0265625
0 0.253125 0.4671875 0.025 0.021875
0 0.2453125 0.4859375 0.021875 0.01875
0 0.0046875 0.4859375 0.009375 0.0109375
0 0.315625 0.5453125 0.0046875 0.01875