0 0.4734375 0.625 0.0265625 0.015625
0 0.475 0.6375 0.028125 0.0296875
0 0.45625 0.653125 0.0203125 0.0296875
0 0.0765625 0.4265625 0.0546875 0.05
0 0.1296875 0.41875 0.0546875 0.05
0 0.290625 0.89375 0.078125 0.084375
0 0.3640625 0.9234375 0.075 0.0875
0 0.2328125 0.7859375 0.040625 0.0359375
0 0.4234375 0.4375 0.05625 0.0578125
0 0.0703125 0.8140625 0.0609375 0.0296875
0 0.0265625 0.7828125 0.0546875 0.059375
0 0.0828125 0.7796875 0.0625 0.0609375
0 0.1109375 0.6078125 0.04375 0.0359375
0 0.115625 0.575 0.05 0.0453125
0 0.584375 0.8734375 0.028125 0.0296875
0 0.5234375 0.8234375 0.0234375 0.028125
0 0.5765625 0.565625 0.025 0.028125
0 0.5296875 0.725 0.0171875 0.0234375
0 0.2484375 0.5 0.0203125 0.025
0 0.1296875 0.8453125 0.0015625 0.003125
0 0.1203125 0.8234375 0.0265625 0.015625
0 0.1515625 0.8375 0.0328125 0.01875
0 0.740625 0.7703125 0.09375 0.0984375
0 0.48125 0.4734375 0.075 0.0734375
0 0.009375 0.653125 0.0125 0.015625