0 0.0578125 0.8171875 0.0203125 0.0171875
0 0.1078125 0.5609375 0.1078125 0.0984375
0 0.178125 0.615625 0.08125 0.0984375
0 0.2078125 0.6765625 0.09375 0.09375
0 0.134375 0.65625 0.0046875 0.0015625
0 0.0671875 0.5390625 0.084375 0.071875
0 0.090625 0.7828125 0.03125 0.025
0 0.11875 0.7734375 0.03125 0.0140625
0 0.0953125 0.765625 0.025 0.0125
0 0.0359375 0.6421875 0.034375 0.025
0 0.05 0.63125 0.0109375 0.0328125
0 0.2296875 0.846875 0.015625 0.0203125
0 0.0640625 0.7625 0.015625 0.0125
0 0.0671875 0.66875 0.0203125 0.021875
0 0.525 0.3140625 0.05 0.06875
0 0.490625 0.465625 0.071875 0.071875
0 0.2203125 0.590625 0.04375 0.0671875