0 0.959375 0.9109375 0.0765625 0.0984375
0 0.9953125 0.925 0.00625 0.04375
0 0.5078125 0.4953125 0.0703125 0.071875
0 0.4984375 0.5390625 0.065625 0.0546875
0 0.546875 0.55625 0.06875 0.0703125
0 0.7171875 0.5625 0.0265625 0.025
0 0.690625 0.5546875 0.025 0.0203125
0 0.740625 0.8140625 0.0421875 0.0421875
0 0.48125 0.5953125 0.03125 0.03125
0 0.7109375 0.8109375 0.0203125 0.0203125
0 0.6828125 0.79375 0.028125 0.01875
0 0.7796875 0.646875 0.040625 0.034375
0 0.75 0.634375 0.0328125 0.0359375
0 0.65 0.86875 0.009375 0.0203125
0 0.2625 0.3328125 0.06875 0.071875
0 0.1796875 0.5625 0.271875 0.2609375
0 0.83125 0.3859375 0.0453125 0.0390625
0 0.3625 0.78125 0.01875 0.028125
0 0.4421875 0.6671875 0.025 0.025