0 0.26875 0.84375 0.021875 0.0140625
0 0.3296875 0.8578125 0.040625 0.059375
0 0.3875 0.853125 0.0203125 0.0453125
0 0.4734375 0.48125 0.0671875 0.0765625
0 0.4171875 0.490625 0.0828125 0.0796875
0 0.409375 0.55 0.0765625 0.0546875
0 0.23125 0.5078125 0.0484375 0.046875
0 0.75625 0.9703125 0.071875 0.05625
0 0.6890625 0.2296875 0.0875 0.090625
0 0.9015625 0.715625 0.059375 0.0578125
0 0.028125 0.3328125 0.0578125 0.0578125
0 0.11875 0.5609375 0.03125 0.0265625
0 0.1296875 0.5796875 0.021875 0.0234375
0 0.2390625 0.6390625 0.0265625 0.0265625