0 0.478125 0.3515625 0.05625 0.0578125
0 0.421875 0.34375 0.05 0.0546875
0 0.1765625 0.821875 0.03125 0.05
0 0.11875 0.8390625 0.0390625 0.0453125
0 0.2984375 0.771875 0.1140625 0.1140625
0 0.0921875 0.428125 0.0515625 0.053125
0 0.425 0.7671875 0.0640625 0.05
0 0.4546875 0.7546875 0.0546875 0.0609375
0 0.39375 0.7515625 0.0578125 0.0609375
0 0.5109375 0.465625 0.0734375 0.075
0 0.46875 0.453125 0.05625 0.06875
0 0.4046875 0.8703125 0.015625 0.0171875
0 0.934375 0.971875 0.1265625 0.0515625
0 0.865625 0.9453125 0.14375 0.1046875
0 0.765625 0.9796875 0.1375 0.0359375
0 0.0078125 0.74375 0.0171875 0.040625
0 0.090625 0.5578125 0.0390625 0.0390625