0 0.7375 0.815625 0.021875 0.0328125
0 0.6953125 0.840625 0.025 0.0078125
0 0.7625 0.8046875 0.0375 0.0390625
0 0.95625 0.5765625 0.0359375 0.0296875
0 0.971875 0.5890625 0.05 0.040625
0 0.9375 0.6140625 0.0390625 0.0421875
0 0.4625 0.225 0.08125 0.0828125
0 0.5453125 0.1984375 0.0859375 0.0875
0 0.596875 0.55625 0.0328125 0.034375
0 0.6984375 0.80625 0.0609375 0.0671875
0 0.1203125 0.7 0.0234375 0.021875
0 0.0984375 0.7140625 0.021875 0.03125
0 0.084375 0.7296875 0.03125 0.0328125
0 0.1125 0.70625 0.034375 0.0328125
0 0.134375 0.6921875 0.0328125 0.03125
0 0.521875 0.8796875 0.090625 0.05
0 0.453125 0.821875 0.103125 0.1125
0 0.5546875 0.8171875 0.1125 0.11875
0 0.509375 0.5359375 0.0640625 0.0625
0 0.521875 0.4796875 0.0765625 0.071875
0 0.9875 0.709375 0.0203125 0.0125
0 0.61875 0.4359375 0.0375 0.040625
0 0.646875 0.40625 0.0421875 0.04375
0 0.5625 0.890625 0.0328125 0.0203125
0 0.2546875 0.565625 0.0265625 0.025
0 0.2484375 0.584375 0.0265625 0.0203125
0 0.0953125 0.671875 0.0359375 0.0375
0 0.11875 0.659375 0.040625 0.0359375
0 0.33125 0.640625 0.0234375 0.0234375