0 0.6375 0.6625 0.0515625 0.0453125
0 0.1921875 0.840625 0.0328125 0.021875
0 0.1671875 0.859375 0.025 0.0140625
0 0.134375 0.8703125 0.0375 0.0390625
0 0.1609375 0.8453125 0.0375 0.0375
0 0.19375 0.821875 0.0359375 0.0359375
0 0.521875 0.509375 0.0640625 0.0578125
0 0.503125 0.465625 0.06875 0.0703125
0 0.359375 0.65625 0.028125 0.0296875
0 0.3625 0.6765625 0.0296875 0.0203125
0 0.0 0.665625 0.0015625 0.0046875
0 0.015625 0.759375 0.03125 0.0359375
0 0.0859375 0.8328125 0.0421875 0.0234375
0 0.0921875 0.8125 0.0453125 0.0421875
0 0.465625 0.7296875 0.0078125 0.0203125