0 0.575 0.49375 0.059375 0.065625
0 0.4859375 0.4859375 0.053125 0.06875
0 0.515625 0.475 0.0734375 0.0734375
0 0.4953125 0.51875 0.0515625 0.0171875
0 0.3890625 0.475 0.0484375 0.053125
0 0.3453125 0.4546875 0.053125 0.05625
0 0.3421875 0.48125 0.04375 0.0265625
0 0.3671875 0.6484375 0.059375 0.0625
0 0.6203125 0.728125 0.0296875 0.0203125
0 0.7390625 0.765625 0.0109375 0.021875
0 0.7359375 0.7609375 0.003125 0.0109375
0 0.2765625 0.4671875 0.040625 0.0265625
0 0.25625 0.440625 0.0296875 0.034375
0 0.275 0.44375 0.0078125 0.021875
0 0.578125 0.4421875 0.0359375 0.028125
0 0.4609375 0.26875 0.0625 0.0640625
0 0.2390625 0.6125 0.053125 0.053125
0 0.8546875 0.1453125 0.0703125 0.06875
0 0.89375 0.2078125 0.0671875 0.0578125