0 0.675 0.6234375 0.0375 0.0296875
0 0.6890625 0.6296875 0.009375 0.0390625
0 0.7046875 0.61875 0.028125 0.0453125
0 0.753125 0.60625 0.03125 0.0328125
0 0.4390625 0.4390625 0.0765625 0.078125
0 0.496875 0.4609375 0.0703125 0.0765625
0 0.4 0.63125 0.0203125 0.0078125
0 0.41875 0.628125 0.0125 0.00625
0 0.990625 0.55625 0.0046875 0.00625
0 0.8578125 0.8 0.053125 0.0296875
0 0.00625 0.78125 0.0125 0.034375
0 0.7390625 0.465625 0.040625 0.0265625
0 0.49375 0.1453125 0.0703125 0.078125
0 0.30625 0.5515625 0.0046875 0.015625
0 0.4875 0.3546875 0.0140625 0.0140625