0 0.5734375 0.4921875 0.0078125 0.0125
0 0.553125 0.5453125 0.0453125 0.015625
0 0.503125 0.271875 0.059375 0.0875
0 0.91875 0.784375 0.00625 0.0015625
0 0.91875 0.7796875 0.0078125 0.0078125
0 0.88125 0.8640625 0.009375 0.0046875
0 0.8796875 0.8734375 0.0046875 0.00625
0 0.9953125 0.8546875 0.0046875 0.009375
0 0.90625 0.7921875 0.009375 0.009375
0 0.6234375 0.2765625 0.0578125 0.05625
0 0.5453125 0.16875 0.021875 0.034375
0 0.6125 0.61875 0.0875 0.090625
0 0.2046875 0.765625 0.00625 0.0015625
0 0.5921875 0.6625 0.0140625 0.0125
0 0.784375 0.4109375 0.1375 0.1359375
0 0.321875 0.303125 0.021875 0.0328125
0 0.925 0.853125 0.0078125 0.0078125
0 0.915625 0.85 0.0078125 0.0078125
0 0.9578125 0.8125 0.009375 0.0078125
0 0.946875 0.80625 0.009375 0.0078125
0 0.8484375 0.875 0.00625 0.009375
0 0.84375 0.8546875 0.009375 0.0078125
0 0.8671875 0.8109375 0.009375 0.009375