0 0.321875 0.5921875 0.0234375 0.0328125
0 0.3484375 0.5828125 0.028125 0.0234375
0 0.378125 0.578125 0.015625 0.0203125
0 0.74375 0.5234375 0.0328125 0.0171875
0 0.425 0.4609375 0.0640625 0.06875
0 0.484375 0.4671875 0.0734375 0.0734375
0 0.1484375 0.44375 0.05 0.0484375
0 0.1859375 0.4609375 0.0484375 0.0484375
0 0.1203125 0.6 0.021875 0.0171875
0 0.51875 0.51875 0.040625 0.03125
0 0.1296875 0.5828125 0.0140625 0.0125
0 0.453125 0.6703125 0.0171875 0.01875
0 0.628125 0.6890625 0.034375 0.0515625
0 0.64375 0.4875 0.003125 0.003125
0 0.6421875 0.35625 0.034375 0.0140625
0 0.3765625 0.4640625 0.0171875 0.0171875
0 0.196875 0.2609375 0.05 0.046875
0 0.0375 0.515625 0.003125 0.0109375