0 0.4859375 0.4671875 0.0671875 0.075
0 0.3890625 0.4578125 0.0421875 0.0703125
0 0.421875 0.44375 0.078125 0.0765625
0 0.4875 0.5046875 0.0265625 0.0125
0 0.3171875 0.453125 0.0515625 0.05625
0 0.9671875 0.43125 0.0359375 0.0109375
0 0.7 0.575 0.003125 0.0046875
0 0.26875 0.4296875 0.05625 0.0578125
0 0.2703125 0.4625 0.04375 0.025
0 0.28125 0.6296875 0.0640625 0.0640625
0 0.571875 0.7125 0.034375 0.059375
0 0.678125 0.7609375 0.0078125 0.0171875
0 0.215625 0.4484375 0.04375 0.0265625
0 0.190625 0.4265625 0.0359375 0.0203125
0 0.2046875 0.4296875 0.021875 0.0375
0 0.51875 0.4203125 0.00625 0.00625
0 0.378125 0.2328125 0.0640625 0.0671875
0 0.1625 0.596875 0.05625 0.05625
0 0.984375 0.2796875 0.0015625 0.0015625
0 0.7890625 0.0984375 0.0734375 0.0734375
0 0.83125 0.1546875 0.06875 0.0375