0 0.7109375 0.8484375 0.0078125 0.009375
0 0.7125 0.8546875 0.0078125 0.003125
0 0.7203125 0.846875 0.009375 0.009375
0 0.7296875 0.8484375 0.0078125 0.009375
0 0.7140625 0.79375 0.0078125 0.0078125
0 0.7046875 0.7984375 0.009375 0.0046875
0 0.5484375 0.771875 0.00625 0.0046875
0 0.55 0.76875 0.0078125 0.009375
0 0.7046875 0.7765625 0.0078125 0.009375
0 0.509375 0.859375 0.00625 0.009375
0 0.509375 0.865625 0.0046875 0.0078125
0 0.540625 0.78125 0.0078125 0.009375
0 0.00625 0.665625 0.0109375 0.0640625
0 0.06875 0.6375 0.0609375 0.0203125
0 0.5765625 0.4359375 0.0265625 0.0734375
0 0.521875 0.4546875 0.0484375 0.053125
0 0.234375 0.125 0.09375 0.0265625
0 0.66875 0.809375 0.00625 0.0046875
0 0.6625 0.8109375 0.0015625 0.0078125
0 0.6546875 0.815625 0.00625 0.0078125
0 0.6578125 0.809375 0.0078125 0.0078125
0 0.665625 0.8046875 0.0078125 0.0078125
0 0.5484375 0.84375 0.0078125 0.0109375
0 0.540625 0.840625 0.0078125 0.009375
0 0.571875 0.7953125 0.0078125 0.0078125
0 0.4703125 0.8703125 0.00625 0.009375
0 0.7515625 0.8890625 0.0046875 0.009375
0 0.7625 0.8671875 0.009375 0.009375
0 0.7234375 0.7703125 0.0109375 0.0078125
0 0.815625 0.8265625 0.0109375 0.009375
0 0.6609375 0.7578125 0.0078125 0.0078125
0 0.65 0.75625 0.0078125 0.0078125
0 0.6359375 0.853125 0.00625 0.009375
0 0.64375 0.8546875 0.00625 0.0046875
0 0.478125 0.8484375 0.009375 0.0078125
0 0.503125 0.8015625 0.009375 0.009375
0 0.7046875 0.7640625 0.00625 0.00625
0 0.709375 0.76875 0.003125 0.0046875
0 0.6171875 0.76875 0.0078125 0.00625
0 0.6265625 0.790625 0.0078125 0.00625
0 0.6375 0.80625 0.00625 0.003125
0 0.6375 0.8015625 0.00625 0.0078125