0 0.20625 0.1875 0.053125 0.053125
0 0.1703125 0.1484375 0.05625 0.0546875
0 0.4859375 0.4796875 0.0703125 0.071875
0 0.98125 0.5703125 0.034375 0.0265625
0 0.9890625 0.54375 0.01875 0.0328125
0 0.1328125 0.5375 0.0640625 0.0578125
0 0.096875 0.54375 0.0171875 0.025
0 0.0734375 0.5140625 0.0515625 0.059375
0 0.3625 0.315625 0.0546875 0.059375
0 0.3015625 0.2875 0.0546875 0.05625
0 0.8578125 0.0125 0.03125 0.025
0 0.8125 0.6046875 0.0546875 0.0640625
0 0.734375 0.6 0.0421875 0.0578125
0 0.7703125 0.609375 0.065625 0.0640625
0 0.828125 0.43125 0.03125 0.028125