0 0.1859375 0.8015625 0.0265625 0.0265625
0 0.1265625 0.759375 0.0078125 0.0046875
0 0.2984375 0.61875 0.003125 0.0078125
0 0.2734375 0.6328125 0.0109375 0.021875
0 0.778125 0.5140625 0.0328125 0.0328125
0 0.765625 0.51875 0.009375 0.03125
0 0.7328125 0.590625 0.0078125 0.0140625
0 0.0609375 0.43125 0.1234375 0.1140625
0 0.1609375 0.4796875 0.109375 0.115625
0 0.2734375 0.5828125 0.103125 0.040625
0 0.146875 0.428125 0.0890625 0.096875
0 0.796875 0.7578125 0.0109375 0.0328125
0 0.8125 0.7375 0.015625 0.0140625
0 0.8 0.7390625 0.0171875 0.009375
0 0.6921875 0.6203125 0.0109375 0.0109375
0 0.728125 0.5953125 0.003125 0.0046875
0 0.1875 0.846875 0.0203125 0.0171875
0 0.1265625 0.809375 0.021875 0.01875
0 0.3921875 0.44375 0.025 0.03125
0 0.43125 0.453125 0.0234375 0.0328125
0 0.8109375 0.6484375 0.0109375 0.0078125
0 0.6546875 0.165625 0.121875 0.134375
0 0.4953125 0.484375 0.0765625 0.0828125
0 0.534375 0.5046875 0.0015625 0.0015625