0 0.990625 0.628125 0.015625 0.0046875
0 0.6609375 0.5796875 0.0328125 0.0375
0 0.478125 0.43125 0.0796875 0.078125
0 0.503125 0.4640625 0.071875 0.059375
0 0.259375 0.634375 0.059375 0.0625
0 0.9140625 0.5796875 0.0703125 0.0609375
0 0.3078125 0.6109375 0.0640625 0.0546875
0 0.6421875 0.5703125 0.0140625 0.0234375
0 0.6796875 0.55625 0.003125 0.003125
0 0.6640625 0.8 0.0015625 0.003125
0 0.7109375 0.6984375 0.003125 0.003125
0 0.553125 0.146875 0.0671875 0.0703125
0 0.359375 0.3171875 0.0203125 0.009375
0 0.034375 0.484375 0.01875 0.0203125