0 0.428125 0.4125 0.0359375 0.01875
0 0.45 0.359375 0.0421875 0.0265625
0 0.3640625 0.1875 0.04375 0.0734375
0 0.4515625 0.153125 0.0625 0.0296875
0 0.390625 0.1203125 0.0734375 0.08125
0 0.48125 0.4703125 0.059375 0.0640625
0 0.2265625 0.575 0.0046875 0.00625
0 0.51875 0.69375 0.0140625 0.003125
0 0.51875 0.6984375 0.0046875 0.003125
0 0.4796875 0.671875 0.0125 0.0109375
0 0.50625 0.6796875 0.01875 0.0203125
0 0.5171875 0.1796875 0.025 0.059375
0 0.6953125 0.5640625 0.0046875 0.0015625
0 0.471875 0.246875 0.1015625 0.109375