0 0.528125 0.5 0.0625 0.0296875
0 0.55 0.4625 0.0796875 0.0671875
0 0.5984375 0.5015625 0.0765625 0.0796875
0 0.4546875 0.4515625 0.0484375 0.0671875
0 0.4828125 0.4296875 0.071875 0.0796875
0 0.14375 0.165625 0.0640625 0.065625
0 0.153125 0.2171875 0.053125 0.0515625
0 0.19375 0.2203125 0.0578125 0.0515625
0 0.75625 0.021875 0.06875 0.0453125
0 0.3515625 0.665625 0.0296875 0.03125
0 0.321875 0.6765625 0.0296875 0.03125
0 0.48125 0.5703125 0.040625 0.040625
0 0.3109375 0.4328125 0.0296875 0.0296875
0 0.509375 0.6203125 0.0296875 0.015625
0 0.525 0.60625 0.021875 0.0171875
0 0.4828125 0.615625 0.0203125 0.0203125
0 0.484375 0.7109375 0.025 0.0265625
0 0.55 0.175 0.003125 0.003125
0 0.6984375 0.60625 0.046875 0.0515625
0 0.68125 0.6078125 0.025 0.05
0 0.65 0.6203125 0.0515625 0.053125
0 0.221875 0.63125 0.025 0.025
0 0.2921875 0.51875 0.0234375 0.01875