0 0.55 0.5453125 0.003125 0.003125
0 0.5640625 0.509375 0.0546875 0.0359375
0 0.5875 0.525 0.05625 0.046875
0 0.509375 0.46875 0.0578125 0.053125
0 0.4609375 0.28125 0.0921875 0.0671875
0 0.5515625 0.2453125 0.0875 0.096875
0 0.509375 0.1953125 0.0671875 0.1046875
0 0.584375 0.615625 0.0875 0.0921875
0 0.2171875 0.696875 0.0140625 0.0140625
0 0.5 0.75625 0.0078125 0.003125
0 0.7234375 0.625 0.0390625 0.0375
0 0.6671875 0.65 0.0140625 0.034375
0 0.653125 0.3984375 0.1375 0.14375
0 0.31875 0.3640625 0.0078125 0.003125