0 0.45 0.7296875 0.0375 0.046875
0 0.4671875 0.7375 0.03125 0.0453125
0 0.425 0.721875 0.0234375 0.0421875
0 0.009375 0.6953125 0.0203125 0.0515625
0 0.0078125 0.7359375 0.0171875 0.0484375
0 0.40625 0.64375 0.053125 0.0578125
0 0.2703125 0.7671875 0.0078125 0.0046875
0 0.8765625 0.8109375 0.0078125 0.003125
0 0.8765625 0.80625 0.009375 0.0078125
0 0.8390625 0.8875 0.009375 0.003125
0 0.8390625 0.89375 0.00625 0.0078125
0 0.9484375 0.878125 0.009375 0.009375
0 0.8609375 0.81875 0.0078125 0.0078125
0 0.465625 0.6328125 0.0484375 0.0546875
0 0.4328125 0.6296875 0.05625 0.04375
0 0.4734375 0.853125 0.04375 0.0421875
0 0.2015625 0.909375 0.028125 0.0328125
0 0.4078125 0.515625 0.075 0.0765625
0 0.4703125 0.48125 0.0734375 0.075
0 0.425 0.440625 0.0765625 0.078125
0 0.46875 0.546875 0.0203125 0.01875
0 0.5515625 0.753125 0.028125 0.03125
0 0.521875 0.7984375 0.065625 0.071875
0 0.3875 0.671875 0.0203125 0.0109375
0 0.88125 0.8765625 0.00625 0.009375
0 0.871875 0.871875 0.0078125 0.0078125
0 0.9109375 0.8375 0.0078125 0.0078125
0 0.9015625 0.83125 0.009375 0.0078125
0 0.8078125 0.8953125 0.0078125 0.0078125
0 0.990625 0.7984375 0.0078125 0.0078125
0 0.978125 0.796875 0.009375 0.0078125
0 0.9890625 0.8921875 0.003125 0.003125
0 0.9828125 0.8921875 0.00625 0.00625
0 0.8015625 0.8796875 0.0078125 0.00625
0 0.825 0.8375 0.0078125 0.009375
0 0.965625 0.8015625 0.0078125 0.00625
0 0.9765625 0.8234375 0.0078125 0.00625
0 0.9859375 0.8390625 0.0046875 0.0046875
0 0.9828125 0.8359375 0.0078125 0.0078125