0 0.6921875 0.0828125 0.053125 0.059375
0 0.6734375 0.1328125 0.046875 0.0515625
0 0.7234375 0.1375 0.0390625 0.053125
0 0.7875 0.3421875 0.009375 0.00625
0 0.7625 0.3328125 0.021875 0.015625
0 0.609375 0.590625 0.028125 0.028125
0 0.5828125 0.6 0.0265625 0.028125
0 0.8296875 0.478125 0.03125 0.0296875
0 0.5765625 0.3796875 0.009375 0.0125
0 0.7859375 0.5375 0.03125 0.03125
0 0.7953125 0.5296875 0.0171875 0.0203125
0 0.759375 0.534375 0.021875 0.025
0 0.8515625 0.3796875 0.0296875 0.028125
0 0.821875 0.3734375 0.025 0.021875
0 0.70625 0.6390625 0.0171875 0.025
0 0.4890625 0.46875 0.071875 0.0734375
0 0.6515625 0.315625 0.08125 0.08125
0 0.9796875 0.053125 0.0375 0.0421875
0 0.9109375 0.090625 0.040625 0.04375
0 0.4640625 0.5640625 0.0234375 0.021875
0 0.534375 0.459375 0.0234375 0.0125