0 0.278125 0.5234375 0.0078125 0.0109375
0 0.2421875 0.5203125 0.0140625 0.0203125
0 0.2140625 0.7578125 0.0234375 0.0203125
0 0.1953125 0.76875 0.025 0.025
0 0.0609375 0.7125 0.034375 0.025
0 0.1546875 0.56875 0.025 0.0203125
0 0.5578125 0.4375 0.0859375 0.0828125
0 0.58125 0.490625 0.0796875 0.075
0 0.59375 0.546875 0.075 0.0703125
0 0.528125 0.4984375 0.0640625 0.0625
0 0.4921875 0.4453125 0.0640625 0.059375
0 0.2453125 0.725 0.0296875 0.021875
0 0.271875 0.7171875 0.028125 0.0265625
0 0.246875 0.7109375 0.0234375 0.0125
0 0.1984375 0.596875 0.009375 0.0171875
0 0.2265625 0.5734375 0.0078125 0.009375
0 0.3609375 0.7921875 0.021875 0.025
0 0.0015625 0.375 0.0046875 0.0203125
0 0.0125 0.3890625 0.0265625 0.0375
0 0.040625 0.76875 0.0484375 0.04375
0 0.08125 0.7625 0.040625 0.04375
0 0.0171875 0.7765625 0.0125 0.0328125
0 0.1765625 0.721875 0.0171875 0.015625
0 0.19375 0.628125 0.0234375 0.021875
0 0.7859375 0.2609375 0.0546875 0.0578125
0 0.775 0.384375 0.0625 0.0609375
0 0.5 0.5078125 0.040625 0.0484375
0 0.4609375 0.4984375 0.04375 0.053125