0 0.3359375 0.6484375 0.0421875 0.0453125
0 0.359375 0.64375 0.021875 0.040625
0 0.3109375 0.65 0.0234375 0.0375
0 0.375 0.634375 0.0328125 0.028125
0 0.834375 0.6390625 0.0140625 0.03125
0 0.8515625 0.6265625 0.0421875 0.0421875
0 0.821875 0.6546875 0.028125 0.015625
0 0.48125 0.4703125 0.0765625 0.0734375
0 0.4875 0.509375 0.0671875 0.05
0 0.196875 0.646875 0.0625 0.0625
0 0.7953125 0.615625 0.059375 0.0546875
0 0.253125 0.628125 0.0625 0.0609375
0 0.99375 0.815625 0.0046875 0.021875
0 0.934375 0.8328125 0.053125 0.059375
0 0.55625 0.2171875 0.065625 0.0625
0 0.303125 0.328125 0.028125 0.0234375
0 0.3140625 0.3671875 0.0265625 0.0484375