0 0.0171875 0.671875 0.03125 0.03125
0 0.6515625 0.8625 0.046875 0.0546875
0 0.6046875 0.878125 0.0078125 0.015625
0 0.6140625 0.925 0.034375 0.0328125
0 0.5734375 0.86875 0.053125 0.028125
0 0.5796875 0.8421875 0.059375 0.0578125
0 0.0046875 0.8859375 0.0109375 0.028125
0 0.0421875 0.9375 0.0296875 0.0265625
0 0.53125 0.4875 0.075 0.0734375
0 0.5890625 0.5109375 0.078125 0.078125
0 0.6734375 0.63125 0.0421875 0.040625
0 0.68125 0.7453125 0.0453125 0.046875
0 0.471875 0.8234375 0.046875 0.040625
0 0.4265625 0.803125 0.0421875 0.0453125
0 0.4421875 0.6171875 0.1140625 0.1234375