0 0.8453125 0.840625 0.0078125 0.009375
0 0.8578125 0.84375 0.0046875 0.0015625
0 0.8453125 0.846875 0.0078125 0.003125
0 0.8546875 0.8390625 0.009375 0.009375
0 0.865625 0.8390625 0.009375 0.009375
0 0.8578125 0.784375 0.0015625 0.0046875
0 0.8453125 0.790625 0.009375 0.009375
0 0.846875 0.7953125 0.00625 0.0046875
0 0.678125 0.7609375 0.0046875 0.0078125
0 0.68125 0.759375 0.0078125 0.0078125
0 0.8328125 0.7671875 0.0078125 0.0078125
0 0.7515625 0.834375 0.009375 0.009375
0 0.68125 0.771875 0.009375 0.009375
0 0.93125 0.6265625 0.003125 0.0015625
0 0.90625 0.6375 0.0171875 0.0125
0 0.496875 0.46875 0.0703125 0.075
0 0.5671875 0.45 0.078125 0.0765625
0 0.78125 0.803125 0.0046875 0.003125
0 0.775 0.803125 0.0015625 0.00625
0 0.7671875 0.8078125 0.00625 0.0078125
0 0.771875 0.8015625 0.00625 0.0078125
0 0.778125 0.796875 0.0078125 0.00625
0 0.684375 0.8359375 0.00625 0.009375
0 0.66875 0.8328125 0.0015625 0.00625
0 0.675 0.8328125 0.0078125 0.009375
0 0.703125 0.7875 0.009375 0.009375
0 0.60625 0.8625 0.009375 0.009375
0 0.86875 0.7609375 0.0109375 0.009375
0 0.9609375 0.8171875 0.009375 0.009375
0 0.790625 0.7484375 0.009375 0.0078125
0 0.7796875 0.746875 0.0078125 0.0078125
0 0.778125 0.84375 0.0046875 0.0078125
0 0.765625 0.8421875 0.00625 0.00625
0 0.775 0.8484375 0.0078125 0.00625
0 0.6265625 0.8390625 0.009375 0.0078125
0 0.6453125 0.790625 0.009375 0.0109375
0 0.81875 0.753125 0.0046875 0.0046875
0 0.8203125 0.7625 0.0046875 0.0015625
0 0.7265625 0.759375 0.00625 0.0078125
0 0.7375 0.784375 0.0046875 0.0015625
0 0.7484375 0.7984375 0.0015625 0.0015625
0 0.7515625 0.79375 0.00625 0.0078125
0 0.8578125 0.7765625 0.00625 0.00625