0 0.371875 0.65625 0.003125 0.0015625
0 0.4640625 0.0359375 0.165625 0.0734375
0 0.440625 0.0875 0.134375 0.1265625
0 0.484375 0.46875 0.0734375 0.0765625
0 0.471875 0.684375 0.0078125 0.009375
0 0.48125 0.684375 0.00625 0.009375
0 0.4765625 0.6890625 0.0046875 0.0015625
0 0.465625 0.684375 0.00625 0.009375
0 0.365625 0.625 0.0046875 0.0078125
0 0.5390625 0.66875 0.00625 0.009375
0 0.0546875 0.3390625 0.1109375 0.203125
0 0.7921875 0.878125 0.0609375 0.0578125
0 0.715625 0.6234375 0.06875 0.0703125