0 0.521875 0.515625 0.05 0.0515625
0 0.5015625 0.490625 0.0703125 0.06875
0 0.5703125 0.521875 0.0671875 0.071875
0 0.45625 0.49375 0.0421875 0.065625
0 0.4375 0.484375 0.0703125 0.0578125
0 0.28125 0.29375 0.053125 0.05
0 0.3 0.3265625 0.0375 0.0484375
0 0.3171875 0.3328125 0.05 0.05
0 0.778125 0.384375 0.03125 0.03125
0 0.740625 0.396875 0.0109375 0.0046875
0 0.7046875 0.0265625 0.0671875 0.0546875
0 0.646875 0.659375 0.01875 0.0109375
0 0.6234375 0.675 0.01875 0.01875
0 0.675 0.578125 0.028125 0.0375
0 0.7609375 0.6265625 0.0125 0.0125
0 0.746875 0.609375 0.0140625 0.0203125
0 0.778125 0.446875 0.0375 0.034375
0 0.765625 0.4421875 0.028125 0.034375
0 0.8 0.709375 0.025 0.0171875
0 0.01875 0.7 0.0390625 0.0515625
0 0.028125 0.5875 0.05625 0.0625
0 0.15625 0.228125 0.0453125 0.046875
0 0.6828125 0.1328125 0.046875 0.053125
0 0.659375 0.1734375 0.04375 0.0484375
0 0.8359375 0.596875 0.05625 0.053125
0 0.85625 0.609375 0.021875 0.03125
0 0.7921875 0.6140625 0.05 0.0515625