0 0.09375 0.6765625 0.021875 0.025
0 0.05625 0.6875 0.003125 0.003125
0 0.1140625 0.6703125 0.0234375 0.015625
0 0.2578125 0.5203125 0.0078125 0.0109375
0 0.2640625 0.5328125 0.0203125 0.025
0 0.25 0.5453125 0.028125 0.0265625
0 0.0234375 0.4859375 0.0171875 0.025
0 0.1203125 0.6078125 0.06875 0.0640625
0 0.184375 0.634375 0.065625 0.0671875
0 0.0296875 0.6234375 0.0421875 0.0390625
0 0.2703125 0.2796875 0.0015625 0.003125
0 0.3578125 0.7546875 0.0265625 0.0265625
0 0.30625 0.7140625 0.025 0.025
0 0.3671875 0.4734375 0.025 0.025
0 0.30625 0.6359375 0.0125 0.0203125
0 0.0359375 0.39375 0.0296875 0.0296875
0 0.0578125 0.3765625 0.03125 0.03125
0 0.4921875 0.46875 0.0703125 0.0703125
0 0.303125 0.278125 0.0625 0.0625