0 0.909375 0.9046875 0.009375 0.0171875
0 0.9359375 0.878125 0.0421875 0.05
0 0.49375 0.4953125 0.06875 0.071875
0 0.453125 0.53125 0.0640625 0.06875
0 0.509375 0.559375 0.0671875 0.06875
0 0.4484375 0.5734375 0.0296875 0.015625
0 0.4203125 0.55625 0.028125 0.0296875
0 0.1859375 0.8359375 0.003125 0.0109375
0 0.1671875 0.853125 0.03125 0.0359375
0 0.5109375 0.8140625 0.0390625 0.046875
0 0.2 0.5796875 0.0359375 0.0296875
0 0.41875 0.80625 0.034375 0.0328125
0 0.421875 0.784375 0.028125 0.0125
0 0.3921875 0.79375 0.03125 0.034375
0 0.5171875 0.6578125 0.034375 0.0328125
0 0.4828125 0.6421875 0.028125 0.0234375
0 0.3046875 0.865625 0.028125 0.025
0 0.2546875 0.278125 0.0796875 0.0828125
0 0.721875 0.4203125 0.046875 0.0421875
0 0.646875 0.4234375 0.04375 0.0453125
0 0.7359375 0.86875 0.003125 0.003125
0 0.721875 0.89375 0.040625 0.0453125
0 0.0109375 0.7828125 0.0234375 0.034375
0 0.1265625 0.65625 0.0328125 0.03125