0 0.534375 0.4703125 0.046875 0.06875
0 0.4921875 0.471875 0.0703125 0.0734375
0 0.6265625 0.4671875 0.0265625 0.0109375
0 0.9203125 0.45 0.0640625 0.0609375
0 0.68125 0.8265625 0.0046875 0.0046875
0 0.93125 0.665625 0.0890625 0.08125
0 0.978125 0.7 0.0390625 0.0578125
0 0.90625 0.68125 0.0625 0.06875
0 0.5625 0.7203125 0.0109375 0.0125
0 0.5859375 0.715625 0.01875 0.015625
0 0.61875 0.70625 0.009375 0.0109375
0 0.6109375 0.309375 0.00625 0.0140625
0 0.4171875 0.6640625 0.0203125 0.0109375
0 0.440625 0.6640625 0.0265625 0.0203125
0 0.8046875 0.84375 0.003125 0.0046875
0 0.5921875 0.79375 0.00625 0.0046875