0 0.85625 0.9046875 0.0015625 0.0015625
0 0.41875 0.5046875 0.06875 0.0703125
0 0.478125 0.4828125 0.075 0.071875
0 0.7265625 0.659375 0.0296875 0.03125
0 0.7078125 0.965625 0.0171875 0.0265625
0 0.9359375 0.4484375 0.1234375 0.1140625
0 0.3203125 0.7875 0.01875 0.0234375
0 0.2921875 0.79375 0.0109375 0.0171875
0 0.284375 0.8125 0.021875 0.021875
0 0.3078125 0.7921875 0.0296875 0.0234375
0 0.328125 0.7796875 0.0265625 0.028125
0 0.515625 0.7390625 0.0515625 0.05
0 0.5109375 0.696875 0.065625 0.0640625
0 0.70625 0.5625 0.0390625 0.0375
0 0.721875 0.5421875 0.0421875 0.040625
0 0.990625 0.559375 0.0140625 0.0921875
0 0.43125 0.6484375 0.0171875 0.015625
0 0.425 0.675 0.0109375 0.009375
0 0.165625 0.65 0.0296875 0.0296875
0 0.1859375 0.7296875 0.025 0.0265625
0 0.2828125 0.7796875 0.028125 0.0234375
0 0.2984375 0.765625 0.034375 0.03125