0 0.1046875 0.8390625 0.0296875 0.0296875
0 0.071875 0.84375 0.034375 0.0359375
0 0.0640625 0.8171875 0.025 0.0078125
0 0.034375 0.8390625 0.0421875 0.040625
0 0.015625 0.65 0.028125 0.028125
0 0.0328125 0.6765625 0.025 0.0234375
0 0.4453125 0.628125 0.021875 0.01875
0 0.421875 0.6234375 0.0203125 0.021875
0 0.2 0.5671875 0.0375 0.0359375
0 0.3078125 0.796875 0.021875 0.0203125
0 0.325 0.6578125 0.0140625 0.01875
0 0.8375 0.7046875 0.0546875 0.0546875
0 0.8421875 0.734375 0.053125 0.0359375
0 0.840625 0.759375 0.05 0.040625
0 0.796875 0.725 0.04375 0.0359375
0 0.7890625 0.690625 0.0484375 0.05
0 0.428125 0.7984375 0.021875 0.021875
0 0.4484375 0.790625 0.01875 0.0234375
0 0.421875 0.7859375 0.0140625 0.0171875
0 0.4109375 0.69375 0.0234375 0.025
0 0.4140625 0.6796875 0.0234375 0.01875
0 0.496875 0.8453125 0.0171875 0.0171875
0 0.2765625 0.5421875 0.0296875 0.028125
0 0.2828125 0.55625 0.025 0.0125
0 0.3421875 0.859375 0.03125 0.021875
0 0.3546875 0.8484375 0.009375 0.0234375
0 0.325 0.8609375 0.015625 0.0328125
0 0.3515625 0.7 0.01875 0.0203125
0 0.6484375 0.390625 0.0453125 0.05625
0 0.6828125 0.3984375 0.059375 0.0640625
0 0.9359375 0.5171875 0.0390625 0.0296875
0 0.9359375 0.6234375 0.0453125 0.04375
0 0.740625 0.6953125 0.0375 0.03125
0 0.703125 0.684375 0.0328125 0.0328125
0 0.49375 0.4625 0.071875 0.075