0 0.115625 0.4625 0.046875 0.0625
0 0.0234375 0.45625 0.0484375 0.0625
0 0.0671875 0.46875 0.0734375 0.06875
0 0.075 0.43125 0.0046875 0.0015625
0 0.21875 0.3109375 0.040625 0.0328125
0 0.265625 0.334375 0.034375 0.0421875
0 0.2390625 0.340625 0.0421875 0.04375
0 0.9765625 0.1390625 0.0421875 0.0515625
0 0.95 0.1640625 0.05 0.046875
0 0.66875 0.4734375 0.053125 0.0515625
0 0.859375 0.3328125 0.0359375 0.0359375
0 0.421875 0.59375 0.0015625 0.003125
0 0.459375 0.5765625 0.0046875 0.003125
0 0.428125 0.6234375 0.003125 0.00625
0 0.6234375 0.6125 0.00625 0.0015625
0 0.990625 0.484375 0.00625 0.015625
0 0.865625 0.2453125 0.05625 0.0578125
0 0.903125 0.2421875 0.0421875 0.053125
0 0.1078125 0.6765625 0.0453125 0.0421875
0 0.025 0.596875 0.046875 0.04375
0 0.2296875 0.290625 0.034375 0.03125
0 0.4078125 0.003125 0.0328125 0.00625
0 0.4734375 0.0234375 0.05 0.046875
0 0.515625 0.4671875 0.075 0.0734375
0 0.590625 0.4640625 0.075 0.071875
0 0.5359375 0.5046875 0.0671875 0.0546875
0 0.9578125 0.4203125 0.0359375 0.034375