0 0.503125 0.471875 0.0703125 0.0578125
0 0.45 0.41875 0.08125 0.08125
0 0.53125 0.4328125 0.0796875 0.08125
0 0.43125 0.4640625 0.071875 0.05625
0 0.371875 0.4203125 0.0765625 0.0828125
0 0.1171875 0.6578125 0.00625 0.0046875
0 0.075 0.2796875 0.090625 0.08125
0 0.6328125 0.578125 0.053125 0.0453125
0 0.0859375 0.5484375 0.0046875 0.00625
0 0.6015625 0.5796875 0.0109375 0.0234375
0 0.0859375 0.215625 0.1 0.0984375
0 0.01875 0.215625 0.0375 0.0921875
0 0.1984375 0.5640625 0.0984375 0.0984375
0 0.2234375 0.7109375 0.06875 0.0609375
0 0.0 0.75 0.0015625 0.0015625
0 0.4125 0.134375 0.0765625 0.08125
0 0.875 0.434375 0.0546875 0.05
0 0.9515625 0.65625 0.0109375 0.00625