0 0.18125 0.7328125 0.025 0.0359375
0 0.1765625 0.7515625 0.009375 0.0046875
0 0.16875 0.7296875 0.0125 0.01875
0 0.0109375 0.6703125 0.021875 0.0625
0 0.240625 0.640625 0.05625 0.0328125
0 0.4 0.8703125 0.00625 0.0078125
0 0.4109375 0.8734375 0.0015625 0.0015625
0 0.4015625 0.8765625 0.0046875 0.0015625
0 0.4078125 0.8703125 0.00625 0.0078125
0 0.415625 0.871875 0.0078125 0.00625
0 0.2609375 0.8078125 0.0015625 0.0015625
0 0.265625 0.80625 0.00625 0.0046875
0 0.2953125 0.640625 0.053125 0.0234375
0 0.2953125 0.61875 0.0609375 0.0453125
0 0.4359375 0.503125 0.0765625 0.0796875
0 0.475 0.484375 0.0703125 0.059375
0 0.4796875 0.4296875 0.0828125 0.0796875
0 0.4203125 0.803125 0.0671875 0.065625
0 0.4234375 0.90625 0.0015625 0.0046875
0 0.4375 0.8875 0.00625 0.0078125
0 0.484375 0.8515625 0.00625 0.0078125
0 0.334375 0.796875 0.00625 0.0046875
0 0.3484375 0.8328125 0.00625 0.003125
0 0.3484375 0.8296875 0.003125 0.0046875