0 0.428125 0.01875 0.065625 0.0390625
0 0.6296875 0.621875 0.05625 0.0578125
0 0.609375 0.653125 0.053125 0.046875
0 0.4609375 0.275 0.046875 0.0484375
0 0.3515625 0.6046875 0.0046875 0.00625
0 0.39375 0.646875 0.0046875 0.00625
0 0.3328125 0.5953125 0.0015625 0.0015625
0 0.39375 0.603125 0.0078125 0.00625
0 0.4015625 0.609375 0.0046875 0.00625
0 0.4296875 0.590625 0.00625 0.00625
0 0.4375 0.48125 0.0765625 0.075
0 0.5046875 0.4484375 0.08125 0.08125
0 0.4953125 0.475 0.0625 0.0625
0 0.1546875 0.090625 0.0890625 0.0953125
0 0.2484375 0.09375 0.084375 0.0875
0 0.96875 0.6828125 0.059375 0.071875
0 0.6796875 0.5890625 0.040625 0.0359375
0 0.615625 0.390625 0.0453125 0.0453125