0 0.275 0.8078125 0.0609375 0.0625
0 0.3171875 0.834375 0.0046875 0.00625
0 0.253125 0.834375 0.05625 0.0515625
0 0.3390625 0.796875 0.05625 0.0625
0 0.3765625 0.8 0.04375 0.0546875
0 0.5515625 0.41875 0.046875 0.0734375
0 0.503125 0.421875 0.0796875 0.075
0 0.4796875 0.4734375 0.071875 0.0640625
0 0.2109375 0.453125 0.0453125 0.046875
0 0.7796875 0.8921875 0.071875 0.075
0 0.7765625 0.1921875 0.08125 0.084375
0 0.8578125 0.6671875 0.053125 0.053125
0 0.034375 0.2484375 0.0609375 0.0640625
0 0.0109375 0.184375 0.0234375 0.065625
0 0.0234375 0.5171875 0.034375 0.0296875
0 0.028125 0.540625 0.0328125 0.0234375
0 0.14375 0.6046875 0.01875 0.028125