0 0.653125 0.5390625 0.0375 0.03125
0 0.6515625 0.503125 0.0484375 0.0484375
0 0.690625 0.5171875 0.046875 0.05
0 0.609375 0.5234375 0.046875 0.0296875
0 0.603125 0.496875 0.0515625 0.0515625
0 0.040625 0.4234375 0.0671875 0.065625
0 0.0140625 0.4265625 0.0296875 0.0609375
0 0.075 0.4703125 0.065625 0.0609375
0 0.49375 0.3875 0.0453125 0.0453125
0 0.1890625 0.5421875 0.015625 0.028125
0 0.5375 0.359375 0.0578125 0.0609375
0 0.478125 0.3453125 0.0609375 0.059375
0 0.596875 0.5875 0.0578125 0.0578125
0 0.428125 0.665625 0.0453125 0.0296875
0 0.0484375 0.70625 0.04375 0.046875
0 0.0671875 0.7171875 0.0515625 0.05
0 0.109375 0.7125 0.0375 0.0359375
0 0.278125 0.196875 0.0734375 0.075
0 0.3375 0.1484375 0.075 0.0765625
0 0.2578125 0.1140625 0.078125 0.08125
0 0.134375 0.2984375 0.0546875 0.0296875
0 0.6375 0.31875 0.0484375 0.0484375
0 0.9671875 0.584375 0.040625 0.0375
0 0.9234375 0.609375 0.0359375 0.0359375
0 0.484375 0.4703125 0.071875 0.075
0 0.5765625 0.3546875 0.003125 0.0015625
0 0.7484375 0.5125 0.021875 0.0171875
0 0.6875 0.6734375 0.0015625 0.0015625