0 0.984375 0.5640625 0.028125 0.0203125
0 0.9625 0.5625 0.03125 0.0265625
0 0.9796875 0.534375 0.0375 0.0453125
0 0.5140625 0.6234375 0.0109375 0.009375
0 0.4546875 0.64375 0.0453125 0.0546875
0 0.5015625 0.646875 0.053125 0.0515625
0 0.5453125 0.6421875 0.0484375 0.0546875
0 0.54375 0.61875 0.0359375 0.009375
0 0.996875 0.4390625 0.003125 0.003125
0 0.603125 0.5625 0.0125 0.034375
0 0.6171875 0.5828125 0.034375 0.0171875
0 0.9796875 0.3125 0.0359375 0.0390625
0 0.765625 0.45 0.0390625 0.0234375
0 0.490625 0.465625 0.0734375 0.071875
0 0.54375 0.478125 0.0609375 0.0703125