0 0.9859375 0.371875 0.025 0.078125
0 0.975 0.45625 0.046875 0.0828125
0 0.00625 0.440625 0.0125 0.0140625
0 0.2765625 0.5109375 0.01875 0.028125
0 0.39375 0.6390625 0.0109375 0.0140625
0 0.5109375 0.48125 0.0703125 0.071875
0 0.3875 0.6125 0.021875 0.0421875
0 0.9109375 0.4921875 0.0046875 0.0046875
0 0.8515625 0.678125 0.021875 0.0359375
0 0.65 0.7265625 0.046875 0.053125
0 0.434375 0.75625 0.1 0.1046875
0 0.51875 0.784375 0.0859375 0.103125
0 0.4296875 0.79375 0.075 0.0296875
0 0.75625 0.1484375 0.0765625 0.0703125
0 0.7546875 0.425 0.003125 0.01875