0 0.5890625 0.646875 0.0328125 0.0140625
0 0.5625 0.6734375 0.009375 0.0046875
0 0.6125 0.6421875 0.0203125 0.0234375
0 0.7765625 0.446875 0.021875 0.0203125
0 0.790625 0.4546875 0.0359375 0.0359375
0 0.765625 0.475 0.0359375 0.0328125
0 0.428125 0.053125 0.0640625 0.0671875
0 0.4953125 0.0359375 0.065625 0.0703125
0 0.95625 0.4234375 0.084375 0.121875
0 0.5796875 0.5640625 0.0453125 0.0453125
0 0.9328125 0.003125 0.0421875 0.00625
0 0.471875 0.484375 0.0734375 0.065625
0 0.4296875 0.44375 0.075 0.075
0 0.5015625 0.4328125 0.0796875 0.0796875
0 0.44375 0.3234375 0.053125 0.0546875
0 0.45625 0.271875 0.0546875 0.05625
0 0.303125 0.4921875 0.20625 0.196875
0 0.928125 0.7390625 0.0359375 0.034375
0 0.8421875 0.6875 0.0265625 0.03125
0 0.8046875 0.6 0.025 0.0234375
0 0.5125 0.3140625 0.0328125 0.0359375
0 0.5390625 0.2828125 0.034375 0.0390625
0 0.4234375 0.6734375 0.0046875 0.0046875
0 0.4140625 0.6453125 0.0421875 0.0296875
0 0.440625 0.659375 0.0046875 0.03125
0 0.0171875 0.51875 0.0234375 0.03125
0 0.0375 0.503125 0.03125 0.03125