0 0.9640625 0.4703125 0.04375 0.0375
0 0.959375 0.4875 0.028125 0.00625
0 0.9390625 0.4828125 0.015625 0.0171875
0 0.990625 0.471875 0.0140625 0.025
0 0.99375 0.4859375 0.0078125 0.003125
0 0.9953125 0.571875 0.00625 0.021875
0 0.5015625 0.4703125 0.04375 0.075
0 0.459375 0.459375 0.075 0.08125
0 0.5359375 0.4625 0.0828125 0.0859375
0 0.5953125 0.465625 0.0625 0.0765625
0 0.990625 0.184375 0.015625 0.01875
0 0.7875 0.2796875 0.0515625 0.04375
0 0.734375 0.040625 0.14375 0.0828125
0 0.765625 0.090625 0.121875 0.1203125