0 0.803125 0.784375 0.0375 0.025
0 0.8140625 0.759375 0.046875 0.0515625
0 0.85 0.7671875 0.040625 0.05
0 0.771875 0.7796875 0.0359375 0.0203125
0 0.7703125 0.75625 0.046875 0.053125
0 0.265625 0.746875 0.0609375 0.0640625
0 0.2296875 0.7390625 0.0515625 0.0515625
0 0.2890625 0.78125 0.059375 0.059375
0 0.2484375 0.790625 0.0296875 0.0234375
0 0.2046875 0.8 0.028125 0.0328125
0 0.68125 0.6921875 0.05625 0.0359375
0 0.5296875 0.7109375 0.003125 0.0078125
0 0.3546875 0.76875 0.0140625 0.0359375
0 0.734375 0.66875 0.0546875 0.05625
0 0.68125 0.6625 0.059375 0.059375
0 0.790625 0.8859375 0.05625 0.0609375
0 0.5984375 0.925 0.03125 0.05
0 0.2078125 0.928125 0.0296875 0.01875
0 0.2421875 0.959375 0.0359375 0.046875
0 0.275 0.9359375 0.0296875 0.034375
0 0.921875 0.85625 0.009375 0.0140625
0 0.528125 0.5796875 0.0703125 0.0703125
0 0.5859375 0.5375 0.0703125 0.0703125
0 0.515625 0.5125 0.071875 0.071875
0 0.309375 0.559375 0.0484375 0.046875
0 0.796875 0.575 0.0484375 0.04375
0 0.725 0.84375 0.0703125 0.0765625
0 0.7078125 0.5625 0.034375 0.0296875
0 0.853125 0.6953125 0.0328125 0.0265625