0 0.54375 0.35625 0.0609375 0.0640625
0 0.4890625 0.359375 0.05 0.0609375
0 0.3765625 0.85625 0.034375 0.0421875
0 0.3203125 0.859375 0.0109375 0.0078125
0 0.1015625 0.840625 0.1171875 0.1140625
0 0.25625 0.4875 0.0484375 0.0484375
0 0.5078125 0.8125 0.06875 0.05625
0 0.5578125 0.796875 0.0546875 0.0671875
0 0.4921875 0.7859375 0.05 0.053125
0 0.4703125 0.4859375 0.0796875 0.0796875
0 0.478125 0.4578125 0.0671875 0.0421875
0 0.646875 0.9171875 0.0328125 0.0421875
0 0.271875 0.7703125 0.025 0.01875
0 0.321875 0.596875 0.025 0.0265625