0 0.421875 0.471875 0.0609375 0.0375
0 0.4375 0.4390625 0.075 0.0578125
0 0.4890625 0.4734375 0.0703125 0.0765625
0 0.353125 0.44375 0.0453125 0.0375
0 0.3796875 0.421875 0.0625 0.04375
0 0.08125 0.1625 0.065625 0.0625
0 0.090625 0.2015625 0.0375 0.0234375
0 0.121875 0.215625 0.0640625 0.0484375
0 0.4984375 0.378125 0.0078125 0.0171875
0 0.6484375 0.0234375 0.0640625 0.0484375
0 0.3140625 0.65 0.0265625 0.0296875
0 0.2859375 0.6609375 0.028125 0.0296875
0 0.4234375 0.5515625 0.0390625 0.034375
0 0.2734375 0.4234375 0.028125 0.0296875
0 0.4625 0.6015625 0.03125 0.021875
0 0.48125 0.6 0.0078125 0.00625
0 0.44375 0.5890625 0.015625 0.00625
0 0.50625 0.4375 0.0328125 0.0296875
0 0.4828125 0.4296875 0.0140625 0.015625
0 0.4453125 0.696875 0.0265625 0.025
0 0.525 0.1234375 0.0375 0.040625
0 0.478125 0.15 0.040625 0.04375
0 0.615625 0.5703125 0.0359375 0.015625
0 0.6 0.5640625 0.00625 0.003125
0 0.571875 0.596875 0.0453125 0.05
0 0.190625 0.6171875 0.0265625 0.0234375
0 0.2546875 0.5046875 0.021875 0.025