0 0.815625 0.546875 0.009375 0.0109375
0 0.5296875 0.4203125 0.075 0.08125
0 0.453125 0.4125 0.0765625 0.0734375
0 0.5109375 0.478125 0.0734375 0.0703125
0 0.059375 0.61875 0.025 0.0359375
0 0.8203125 0.446875 0.025 0.0484375
0 0.3984375 0.571875 0.003125 0.003125
0 0.4296875 0.5609375 0.0296875 0.0296875
0 0.365625 0.546875 0.0546875 0.0515625
0 0.865625 0.390625 0.04375 0.0109375
0 0.896875 0.6515625 0.05625 0.053125
0 0.1796875 0.746875 0.0578125 0.0515625
0 0.2375 0.7578125 0.0609375 0.059375
0 0.2578125 0.740625 0.03125 0.04375
0 0.9140625 0.2515625 0.0796875 0.0734375
0 0.9609375 0.2203125 0.0734375 0.075
0 0.9375 0.165625 0.084375 0.0828125
0 0.409375 0.2625 0.04375 0.0578125
0 0.834375 0.3953125 0.00625 0.0140625
0 0.984375 0.5515625 0.0265625 0.0609375