0 0.34375 0.640625 0.0046875 0.0046875
0 0.3328125 0.640625 0.0015625 0.00625
0 0.3359375 0.640625 0.0078125 0.0078125
0 0.325 0.6328125 0.00625 0.0078125
0 0.4265625 0.634375 0.003125 0.0078125
0 0.3984375 0.6453125 0.0078125 0.0078125
0 0.46875 0.94375 0.109375 0.109375
0 0.415625 0.96875 0.040625 0.0578125
0 0.2078125 0.271875 0.0875 0.084375
0 0.4046875 0.6453125 0.003125 0.0046875
0 0.315625 0.6296875 0.0078125 0.0078125
0 0.3625 0.675 0.00625 0.0078125
0 0.4375 0.6625 0.0078125 0.009375
0 0.446875 0.6625 0.009375 0.0078125
0 0.453125 0.6671875 0.003125 0.0015625
0 0.4421875 0.6671875 0.003125 0.0015625
0 0.43125 0.6625 0.00625 0.009375
0 0.2984375 0.6203125 0.00625 0.003125
0 0.3328125 0.60625 0.0078125 0.0078125
0 0.35625 0.63125 0.0078125 0.0078125
0 0.3671875 0.6390625 0.009375 0.009375
0 0.4359375 0.6 0.0078125 0.0046875
0 0.50625 0.646875 0.009375 0.0078125
0 0.0046875 0.8234375 0.009375 0.0890625
0 0.6140625 0.76875 0.059375 0.0625
0 0.496875 0.4625 0.075 0.0765625