0 0.765625 0.225 0.0078125 0.025
0 0.671875 0.25 0.0765625 0.0890625
0 0.7203125 0.2171875 0.0921875 0.09375
0 0.709375 0.2890625 0.0109375 0.03125
0 0.66875 0.2953125 0.075 0.05625
0 0.5078125 0.3 0.0578125 0.0625
0 0.8578125 0.471875 0.0234375 0.028125
0 0.4609375 0.26875 0.0625 0.0671875
0 0.4515625 0.30625 0.0546875 0.046875
0 0.503125 0.4671875 0.0671875 0.0703125
0 0.8890625 0.6671875 0.0015625 0.0046875
0 0.3578125 0.33125 0.0453125 0.0390625
0 0.340625 0.30625 0.0265625 0.0234375
0 0.3375 0.3109375 0.0390625 0.0359375
0 0.6734375 0.334375 0.00625 0.0015625
0 0.61875 0.0296875 0.0734375 0.059375
0 0.3328125 0.4609375 0.059375 0.0609375