0 0.4609375 0.6609375 0.0453125 0.03125
0 0.4671875 0.64375 0.0234375 0.0046875
0 0.50625 0.715625 0.0515625 0.034375
0 0.853125 0.565625 0.0703125 0.06875
0 0.8890625 0.534375 0.08125 0.078125
0 0.8015625 0.5375 0.0796875 0.075
0 0.996875 0.8234375 0.003125 0.0296875
0 0.940625 0.8859375 0.0578125 0.065625
0 0.6203125 0.85625 0.00625 0.00625
0 0.63125 0.884375 0.028125 0.0171875
0 0.65625 0.8875 0.0078125 0.0109375
0 0.5046875 0.4765625 0.0703125 0.071875
0 0.5296875 0.41875 0.0734375 0.0734375
0 0.4609375 0.4125 0.0703125 0.0703125
0 0.7328125 0.7453125 0.0890625 0.090625
0 0.94375 0.50625 0.0390625 0.01875