0 0.3890625 0.6734375 0.003125 0.0015625
0 0.375 0.675 0.0015625 0.00625
0 0.3796875 0.675 0.0078125 0.0078125
0 0.3671875 0.665625 0.00625 0.0078125
0 0.4640625 0.6671875 0.003125 0.003125
0 0.5203125 0.4578125 0.0875 0.084375
0 0.4953125 0.4734375 0.059375 0.0671875
0 0.5140625 0.61875 0.0484375 0.053125
0 0.3609375 0.6625 0.0015625 0.0046875
0 0.3625 0.69375 0.0078125 0.0078125
0 0.375 0.6421875 0.0078125 0.0078125
0 0.4015625 0.6703125 0.0078125 0.00625
0 0.4125 0.671875 0.0046875 0.0015625
0 0.471875 0.6375 0.00625 0.00625
0 0.434375 0.653125 0.0046875 0.0046875
0 0.5421875 0.684375 0.00625 0.0078125
0 0.2125 0.7140625 0.1 0.1046875
0 0.3140625 0.671875 0.09375 0.09375
0 0.7390625 0.896875 0.040625 0.0375
0 0.6765625 0.71875 0.0484375 0.0484375