0 0.41875 0.475 0.0375 0.040625
0 0.45625 0.4859375 0.0078125 0.0109375
0 0.434375 0.50625 0.0375 0.03125
0 0.4421875 0.4578125 0.0296875 0.0421875
0 0.3671875 0.11875 0.0515625 0.05625
0 0.3140625 0.1296875 0.0546875 0.05625
0 0.340625 0.16875 0.05 0.0546875
0 0.4515625 0.275 0.0328125 0.034375
0 0.0046875 0.4328125 0.0109375 0.03125
0 0.3890625 0.5484375 0.0203125 0.0234375
0 0.3984375 0.5296875 0.021875 0.021875
0 0.4203125 0.51875 0.0171875 0.015625
0 0.4921875 0.465625 0.075 0.071875
0 0.58125 0.40625 0.0609375 0.0609375
0 0.89375 0.2171875 0.0609375 0.0625
0 0.265625 0.1796875 0.0359375 0.0375
0 0.2078125 0.153125 0.0390625 0.0375
0 0.203125 0.5375 0.028125 0.034375
0 0.1578125 0.528125 0.03125 0.03125
0 0.1734375 0.5359375 0.040625 0.0359375
0 0.540625 0.3984375 0.00625 0.00625
0 0.54375 0.425 0.009375 0.0046875
0 0.3109375 0.440625 0.021875 0.021875
0 0.3359375 0.49375 0.0078125 0.0125
0 0.325 0.5 0.025 0.01875
0 0.3125 0.4875 0.01875 0.0234375
0 0.6390625 0.45 0.021875 0.0234375