0 0.5671875 0.5953125 0.0171875 0.025
0 0.5796875 0.5859375 0.0015625 0.003125
0 0.975 0.5171875 0.0453125 0.0359375
0 0.9734375 0.490625 0.0484375 0.0453125
0 0.940625 0.534375 0.053125 0.0453125
0 0.446875 0.46875 0.0390625 0.0671875
0 0.4859375 0.46875 0.0734375 0.0734375
0 0.3328125 0.478125 0.04375 0.0453125
0 0.3703125 0.4875 0.040625 0.040625
0 0.671875 0.5078125 0.0484375 0.0421875
0 0.703125 0.6546875 0.009375 0.0171875
0 0.634375 0.6828125 0.03125 0.0234375
0 0.7640625 0.6875 0.0640625 0.0625
0 0.78125 0.7203125 0.05625 0.0359375
0 0.71875 0.6921875 0.034375 0.05625
0 0.071875 0.7125 0.0109375 0.0171875
0 0.09375 0.7109375 0.0296875 0.0265625
0 0.134375 0.7 0.0171875 0.0125
0 0.928125 0.4765625 0.009375 0.0125
0 0.9765625 0.44375 0.009375 0.015625
0 0.8296875 0.3265625 0.0484375 0.0453125
0 0.34375 0.6421875 0.003125 0.0046875
0 0.8671875 0.6203125 0.015625 0.021875
0 0.35625 0.3140625 0.0390625 0.0296875