0 0.575 0.503125 0.0625 0.0578125
0 0.55625 0.471875 0.0796875 0.0796875
0 0.6359375 0.5078125 0.078125 0.084375
0 0.496875 0.4984375 0.0375 0.03125
0 0.4828125 0.459375 0.08125 0.078125
0 0.2953125 0.2609375 0.05625 0.0546875
0 0.3140625 0.3 0.0390625 0.0546875
0 0.3359375 0.3015625 0.0578125 0.05
0 0.83125 0.36875 0.0046875 0.0203125
0 0.775 0.375 0.015625 0.025
0 0.6484375 0.684375 0.021875 0.0234375
0 0.7375 0.5828125 0.0046875 0.0046875
0 0.6015625 0.4515625 0.01875 0.01875
0 0.8109375 0.609375 0.0375 0.0234375
0 0.828125 0.609375 0.0046875 0.025
0 0.790625 0.6046875 0.0296875 0.0265625
0 0.8234375 0.434375 0.034375 0.034375
0 0.8078125 0.41875 0.0125 0.015625
0 0.8390625 0.715625 0.021875 0.0234375
0 0.0125 0.7109375 0.0265625 0.0546875
0 0.021875 0.584375 0.0453125 0.071875
0 0.159375 0.1921875 0.05 0.0515625
0 0.7359375 0.0859375 0.053125 0.0609375
0 0.7046875 0.134375 0.0484375 0.053125
0 0.9125 0.5953125 0.065625 0.059375
0 0.9328125 0.6171875 0.0140625 0.0109375
0 0.8546875 0.6140625 0.0484375 0.059375
0 0.5671875 0.6390625 0.01875 0.015625
0 0.603125 0.5328125 0.00625 0.0046875