0 0.9796875 0.79375 0.03125 0.0515625
0 0.9578125 0.8234375 0.0421875 0.0265625
0 0.3265625 0.1578125 0.0859375 0.0875
0 0.3828125 0.1046875 0.090625 0.0953125
0 0.8296875 0.5015625 0.03125 0.021875
0 0.775 0.7671875 0.065625 0.0765625
0 0.4078125 0.696875 0.0171875 0.0109375
0 0.38125 0.7 0.0265625 0.0265625
0 0.3671875 0.7125 0.028125 0.0296875
0 0.3890625 0.690625 0.03125 0.0296875
0 0.4109375 0.6765625 0.028125 0.0296875
0 0.334375 0.7859375 0.08125 0.1046875
0 0.209375 0.7515625 0.0796875 0.1109375
0 0.2828125 0.74375 0.11875 0.1234375
0 0.4953125 0.471875 0.071875 0.0703125
0 0.4671875 0.4109375 0.0796875 0.0765625
0 0.7796875 0.3609375 0.046875 0.04375
0 0.7875 0.321875 0.0515625 0.046875
0 0.6390625 0.8375 0.025 0.0421875
0 0.709375 0.8609375 0.0546875 0.05
0 0.5359375 0.5765625 0.003125 0.0046875
0 0.240625 0.5359375 0.0265625 0.01875
0 0.259375 0.621875 0.0234375 0.0296875
0 0.36875 0.634375 0.021875 0.009375