0 0.140625 0.840625 0.00625 0.00625
0 0.140625 0.8484375 0.0046875 0.003125
0 0.15 0.840625 0.009375 0.009375
0 0.159375 0.840625 0.009375 0.009375
0 0.1609375 0.784375 0.003125 0.0015625
0 0.153125 0.790625 0.009375 0.0109375
0 0.1546875 0.796875 0.0078125 0.00625
0 0.1375 0.76875 0.0078125 0.0078125
0 0.0421875 0.8421875 0.0109375 0.009375
0 0.678125 0.6640625 0.009375 0.003125
0 0.60625 0.65625 0.03125 0.034375
0 0.628125 0.6484375 0.0390625 0.0515625
0 0.7046875 0.6359375 0.04375 0.059375
0 0.7375 0.6296875 0.046875 0.0546875
0 0.9578125 0.515625 0.046875 0.0375
0 0.9625 0.525 0.0515625 0.028125
0 0.3921875 0.471875 0.0734375 0.0765625
0 0.4765625 0.471875 0.075 0.075
0 0.0671875 0.80625 0.00625 0.003125
0 0.0609375 0.8078125 0.003125 0.0046875
0 0.05 0.8125 0.0078125 0.0078125
0 0.05625 0.8078125 0.00625 0.00625
0 0.0671875 0.8015625 0.00625 0.00625
0 0.00625 0.7984375 0.003125 0.009375
0 0.1953125 0.8765625 0.0078125 0.009375
0 0.2015625 0.85625 0.009375 0.0078125
0 0.184375 0.7625 0.009375 0.009375
0 0.253125 0.8140625 0.0078125 0.0078125
0 0.0984375 0.75 0.0078125 0.0078125
0 0.0890625 0.7484375 0.009375 0.0078125
0 0.06875 0.85 0.003125 0.00625
0 0.053125 0.85 0.0078125 0.00625
0 0.0640625 0.8546875 0.009375 0.0078125
0 0.1140625 0.75625 0.0078125 0.0078125
0 0.1171875 0.7625 0.0078125 0.00625
0 0.0125 0.7609375 0.00625 0.00625
0 0.01875 0.7859375 0.0078125 0.009375
0 0.0375 0.8015625 0.009375 0.0046875
0 0.0375 0.796875 0.0078125 0.0078125
0 0.1515625 0.7765625 0.00625 0.0078125