0 0.971875 0.4765625 0.040625 0.0359375
0 0.9640625 0.4921875 0.021875 0.00625
0 0.9484375 0.4890625 0.0125 0.0140625
0 0.99375 0.4765625 0.0078125 0.0234375
0 0.996875 0.4890625 0.003125 0.0015625
0 0.996875 0.5671875 0.0015625 0.00625
0 0.5546875 0.4796875 0.040625 0.0703125
0 0.51875 0.4703125 0.0703125 0.0734375
0 0.590625 0.475 0.075 0.078125
0 0.640625 0.478125 0.05625 0.071875
0 0.9390625 0.353125 0.0015625 0.0015625
0 0.58125 0.434375 0.0046875 0.0046875
0 0.8078125 0.3015625 0.0484375 0.046875
0 0.7890625 0.0890625 0.125 0.128125
0 0.809375 0.1578125 0.1078125 0.0984375