0 0.11875 0.796875 0.03125 0.0328125
0 0.0890625 0.8109375 0.0203125 0.0140625
0 0.146875 0.790625 0.028125 0.03125
0 0.3015625 0.6265625 0.0046875 0.0140625
0 0.3171875 0.6375 0.03125 0.021875
0 0.2921875 0.646875 0.021875 0.021875
0 0.025 0.378125 0.05 0.05625
0 0.0375 0.5796875 0.028125 0.028125
0 0.2640625 0.9015625 0.084375 0.090625
0 0.3421875 0.9296875 0.0796875 0.090625
0 0.078125 0.7859375 0.0453125 0.046875
0 0.365625 0.4296875 0.0578125 0.059375
0 0.0015625 0.5515625 0.003125 0.0203125
0 0.409375 0.8703125 0.028125 0.0234375
0 0.346875 0.8265625 0.0265625 0.021875
0 0.4265625 0.5671875 0.009375 0.021875
0 0.06875 0.490625 0.0296875 0.0328125
0 0.0921875 0.475 0.0359375 0.034375
0 0.7734375 0.7671875 0.090625 0.1
0 0.4796875 0.471875 0.075 0.0734375