0 0.478125 0.4125 0.078125 0.0796875
0 0.5609375 0.44375 0.071875 0.05625
0 0.484375 0.4734375 0.0734375 0.0625
0 0.546875 0.384375 0.0828125 0.0828125
0 0.6234375 0.4046875 0.078125 0.0796875
0 0.46875 0.109375 0.0546875 0.059375
0 0.31875 0.528125 0.0171875 0.0171875
0 0.2984375 0.5375 0.021875 0.015625
0 0.2640625 0.5453125 0.0328125 0.0265625
0 0.284375 0.5171875 0.0125 0.01875
0 0.3171875 0.4984375 0.01875 0.0234375
0 0.0234375 0.509375 0.046875 0.0703125
0 0.471875 0.359375 0.0296875 0.028125
0 0.4890625 0.3734375 0.0140625 0.00625
0 0.1484375 0.3828125 0.0328125 0.0234375
0 0.1578125 0.4671875 0.0015625 0.003125
0 0.178125 0.4703125 0.0359375 0.034375
0 0.16875 0.45 0.0375 0.034375
0 0.609375 0.4453125 0.0015625 0.0015625