0 0.4890625 0.7828125 0.0015625 0.00625
0 0.46875 0.8109375 0.0078125 0.0140625
0 0.521875 0.7796875 0.0078125 0.0046875
0 0.6453125 0.625 0.028125 0.01875
0 0.6421875 0.6375 0.03125 0.03125
0 0.625 0.6484375 0.0296875 0.0203125
0 0.2046875 0.4578125 0.0453125 0.04375
0 0.246875 0.4453125 0.046875 0.0453125
0 0.4171875 0.6109375 0.0125 0.00625
0 0.3296875 0.8859375 0.075 0.0796875
0 0.39375 0.9171875 0.0734375 0.0828125
0 0.3859375 0.778125 0.0359375 0.03125
0 0.48125 0.4296875 0.0453125 0.03125
0 0.0703125 0.7203125 0.0046875 0.00625
0 0.046875 0.7203125 0.01875 0.0234375
0 0.0359375 0.7328125 0.025 0.025
0 0.05625 0.715625 0.0265625 0.0234375
0 0.071875 0.7015625 0.01875 0.015625
0 0.184375 0.8078125 0.0140625 0.0109375
0 0.15625 0.78125 0.0421875 0.053125
0 0.20625 0.784375 0.0328125 0.0375
0 0.2484375 0.6234375 0.0046875 0.0046875
0 0.7796875 0.8796875 0.03125 0.0328125
0 0.71875 0.8265625 0.028125 0.0234375
0 0.746875 0.55625 0.0296875 0.028125
0 0.7265625 0.7296875 0.0234375 0.015625
0 0.4046875 0.5265625 0.0234375 0.025
0 0.4125 0.509375 0.0296875 0.0296875
0 0.2890625 0.821875 0.0109375 0.0265625
0 0.3421875 0.8328125 0.01875 0.0203125
0 0.671875 0.771875 0.1 0.103125
0 0.4828125 0.475 0.0703125 0.0734375
0 0.0390625 0.690625 0.0265625 0.0265625
0 0.053125 0.6828125 0.021875 0.025