0 0.66875 0.8109375 0.0234375 0.01875
0 0.734375 0.7859375 0.0125 0.00625
0 0.7625 0.78125 0.0359375 0.0453125
0 0.95 0.7171875 0.0421875 0.05
0 0.6296875 0.68125 0.1375 0.140625
0 0.690625 0.70625 0.10625 0.13125
0 0.3765625 0.8796875 0.071875 0.090625
0 0.4375 0.8640625 0.0875 0.090625
0 0.9234375 0.703125 0.0203125 0.0546875
0 0.9796875 0.68125 0.0171875 0.0125
0 0.059375 0.83125 0.025 0.0203125
0 0.728125 0.1796875 0.1140625 0.1234375
0 0.4765625 0.4421875 0.00625 0.0078125
0 0.5171875 0.4640625 0.0625 0.0328125