0 0.6171875 0.8015625 0.0671875 0.0265625
0 0.5375 0.7546875 0.0796875 0.0796875
0 0.615625 0.7671875 0.0765625 0.084375
0 0.5578125 0.76875 0.0421875 0.0671875
0 0.4765625 0.75 0.0640625 0.078125
0 0.0375 0.7390625 0.05625 0.0421875
0 0.0765625 0.775 0.0078125 0.009375
0 0.2296875 0.6609375 0.0671875 0.065625
0 0.8703125 0.809375 0.0625 0.0609375
0 0.365625 0.7625 0.0140625 0.021875
0 0.8171875 0.79375 0.05625 0.053125
0 0.2109375 0.634375 0.078125 0.078125
0 0.146875 0.634375 0.0671875 0.0734375
0 0.2984375 0.9375 0.0828125 0.0921875
0 0.4359375 0.971875 0.05625 0.0515625
0 0.4875 0.475 0.0703125 0.075
0 0.0015625 0.846875 0.0046875 0.040625
0 0.7578125 0.453125 0.0546875 0.0421875
0 0.7640625 0.5171875 0.0234375 0.034375