0 0.0171875 0.4734375 0.034375 0.0640625
0 0.1390625 0.3234375 0.03125 0.0421875
0 0.1921875 0.3421875 0.0375 0.0421875
0 0.1640625 0.346875 0.0453125 0.0421875
0 0.90625 0.1453125 0.0546875 0.0515625
0 0.8765625 0.1703125 0.046875 0.046875
0 0.5921875 0.4875 0.0296875 0.0296875
0 0.8015625 0.3390625 0.0359375 0.0359375
0 0.4375 0.63125 0.003125 0.003125
0 0.471875 0.640625 0.0046875 0.0046875
0 0.48125 0.6 0.00625 0.00625
0 0.4890625 0.6046875 0.00625 0.0078125
0 0.415625 0.621875 0.003125 0.0046875
0 0.5078125 0.5875 0.003125 0.0015625
0 0.94375 0.496875 0.0171875 0.015625
0 0.7734375 0.253125 0.040625 0.0578125
0 0.8171875 0.2265625 0.0265625 0.00625
0 0.0375 0.6859375 0.0453125 0.0421875
0 0.1671875 0.2984375 0.0375 0.0359375
0 0.315625 0.00625 0.04375 0.0125
0 0.3859375 0.0265625 0.0515625 0.053125
0 0.39375 0.478125 0.075 0.0734375
0 0.4703125 0.478125 0.0765625 0.075
0 0.434375 0.5203125 0.04375 0.05625
0 0.9296875 0.571875 0.0015625 0.0015625
0 0.896875 0.43125 0.0203125 0.025