0 0.1171875 0.4234375 0.0515625 0.05
0 0.1703125 0.446875 0.046875 0.0359375
0 0.1140625 0.4578125 0.05 0.0421875
0 0.16875 0.4140625 0.0515625 0.05
0 0.2109375 0.4328125 0.0484375 0.046875
0 0.25 0.0265625 0.059375 0.053125
0 0.2 0.01875 0.059375 0.0375
0 0.1984375 0.0625 0.0625 0.0625
0 0.115625 0.19375 0.0359375 0.0390625
0 0.5 0.4625 0.0703125 0.075
0 0.478125 0.409375 0.059375 0.0515625
0 0.6640625 0.31875 0.046875 0.0484375
0 0.0515625 0.3484375 0.028125 0.025
0 0.059375 0.371875 0.0265625 0.0234375