0 0.621875 0.521875 0.0390625 0.046875
0 0.60625 0.553125 0.00625 0.0078125
0 0.55625 0.546875 0.0265625 0.04375
0 0.646875 0.5203125 0.028125 0.0421875
0 0.6078125 0.5546875 0.00625 0.0046875
0 0.8765625 0.309375 0.046875 0.0296875
0 0.4515625 0.2140625 0.040625 0.046875
0 0.9359375 0.2625 0.08125 0.0890625
0 0.996875 0.65625 0.003125 0.0046875
0 0.8890625 0.5921875 0.040625 0.0140625
0 0.7671875 0.5203125 0.0125 0.0125
0 0.59375 0.0046875 0.0171875 0.0109375
0 0.4859375 0.484375 0.071875 0.0375
0 0.50625 0.4296875 0.0734375 0.0796875
0 0.5453125 0.471875 0.0484375 0.078125