0 0.88125 0.6296875 0.0703125 0.04375
0 0.81875 0.5875 0.0796875 0.075
0 0.9015625 0.5921875 0.08125 0.0796875
0 0.8109375 0.625 0.0671875 0.0359375
0 0.7484375 0.590625 0.06875 0.0734375
0 0.225 0.634375 0.0203125 0.0171875
0 0.615625 0.6890625 0.0046875 0.0015625
0 0.49375 0.51875 0.065625 0.046875
0 0.9921875 0.6609375 0.0125 0.01875
0 0.49375 0.475 0.071875 0.075
0 0.4265625 0.4828125 0.0671875 0.071875
0 0.60625 0.753125 0.078125 0.08125
0 0.6609375 0.8234375 0.059375 0.0546875
0 0.465625 0.8109375 0.01875 0.009375
0 0.453125 0.8375 0.0203125 0.0390625
0 0.509375 0.8140625 0.0125 0.0109375
0 0.1625 0.4421875 0.0671875 0.059375
0 0.1640625 0.3828125 0.0734375 0.06875
0 0.115625 0.38125 0.053125 0.0640625
0 0.3921875 0.471875 0.028125 0.040625
0 0.753125 0.325 0.071875 0.0703125
0 0.28125 0.66875 0.0828125 0.0828125
0 0.9484375 0.384375 0.0234375 0.009375