0 0.421875 0.4796875 0.046875 0.0515625
0 0.4359375 0.4421875 0.0765625 0.0765625
0 0.478125 0.471875 0.071875 0.0765625
0 0.3859375 0.4609375 0.0234375 0.0203125
0 0.36875 0.415625 0.08125 0.075
0 0.215625 0.190625 0.034375 0.03125
0 0.290625 0.6078125 0.0109375 0.003125
0 0.346875 0.115625 0.109375 0.1171875
0 0.2046875 0.0375 0.05625 0.0765625
0 0.3984375 0.5640625 0.10625 0.109375
0 0.021875 0.7078125 0.0453125 0.0671875
0 0.4484375 0.7359375 0.0140625 0.0078125
0 0.44375 0.153125 0.0734375 0.0828125
0 0.7046875 0.603125 0.04375 0.04375
0 0.659375 0.6453125 0.0234375 0.0109375
0 0.3078125 0.2375 0.1859375 0.196875
0 0.3109375 0.6984375 0.009375 0.0203125
0 0.3265625 0.6890625 0.03125 0.028125