0 0.9140625 0.453125 0.071875 0.0640625
0 0.93125 0.4828125 0.0609375 0.0453125
0 0.8703125 0.49375 0.0625 0.059375
0 0.971875 0.440625 0.053125 0.0640625
0 0.984375 0.48125 0.028125 0.021875
0 0.725 0.1625 0.04375 0.0484375
0 0.490625 0.1171875 0.1234375 0.1296875
0 0.2703125 0.4953125 0.009375 0.015625
0 0.2296875 0.5125 0.0078125 0.009375
0 0.2109375 0.515625 0.028125 0.0203125
0 0.2234375 0.4765625 0.01875 0.01875
0 0.2625 0.471875 0.03125 0.0328125
0 0.4203125 0.44375 0.0765625 0.078125
0 0.496875 0.4734375 0.0796875 0.0578125
0 0.4109375 0.353125 0.009375 0.0171875
0 0.4140625 0.3828125 0.0203125 0.01875
0 0.0546875 0.3078125 0.0390625 0.0359375
0 0.08125 0.4015625 0.0328125 0.03125
0 0.171875 0.4203125 0.034375 0.034375
0 0.178125 0.3953125 0.04375 0.040625