0 0.984375 0.228125 0.028125 0.09375
0 0.15625 0.309375 0.0578125 0.0796875
0 0.925 0.4828125 0.009375 0.0015625
0 0.8875 0.4828125 0.0359375 0.0359375
0 0.8578125 0.5015625 0.0375 0.0359375
0 0.8671875 0.4703125 0.0375 0.0359375
0 0.9 0.446875 0.0359375 0.0328125
0 0.096875 0.16875 0.059375 0.0578125
0 0.0296875 0.1421875 0.0609375 0.0671875
0 0.5546875 0.475 0.05625 0.0609375
0 0.4640625 0.4609375 0.0359375 0.05
0 0.49375 0.4703125 0.0703125 0.0703125
0 0.7140625 0.3640625 0.0296875 0.0296875
0 0.7484375 0.4421875 0.0375 0.025
0 0.73125 0.415625 0.0359375 0.0359375