0 0.8140625 0.621875 0.0625 0.0390625
0 0.7875 0.5796875 0.0703125 0.0703125
0 0.859375 0.590625 0.071875 0.0703125
0 0.75 0.6078125 0.059375 0.05
0 0.715625 0.578125 0.0703125 0.0703125
0 0.0484375 0.59375 0.06875 0.0375
0 0.0859375 0.5859375 0.0078125 0.00625
0 0.1 0.6203125 0.0671875 0.0625
0 0.4890625 0.4671875 0.071875 0.071875
0 0.628125 0.6203125 0.009375 0.0234375
0 0.8515625 0.678125 0.0515625 0.05
0 0.8015625 0.6671875 0.05 0.046875
0 0.525 0.4296875 0.078125 0.0796875
0 0.4390625 0.428125 0.08125 0.078125
0 0.6390625 0.7296875 0.08125 0.0828125
0 0.540625 0.8109375 0.053125 0.0640625
0 0.228125 0.834375 0.0390625 0.0390625
0 0.2984375 0.825 0.0078125 0.0046875
0 0.1046875 0.3171875 0.0890625 0.0875
0 0.140625 0.246875 0.0921875 0.090625
0 0.05625 0.2328125 0.09375 0.090625
0 0.7453125 0.3265625 0.06875 0.0671875
0 0.3375 0.6234375 0.0984375 0.1
0 0.5734375 0.4625 0.009375 0.0109375
0 0.7796875 0.378125 0.0296875 0.0421875