0 0.9953125 0.58125 0.0046875 0.01875
0 0.49375 0.4734375 0.0703125 0.075
0 0.4375 0.475 0.0578125 0.06875
0 0.509375 0.5265625 0.06875 0.0671875
0 0.371875 0.628125 0.015625 0.003125
0 0.3234375 0.6578125 0.0390625 0.0296875
0 0.959375 0.428125 0.0703125 0.05625
0 0.6453125 0.584375 0.003125 0.0015625
0 0.525 0.5921875 0.046875 0.034375
0 0.996875 0.4140625 0.003125 0.00625
0 0.96875 0.3828125 0.059375 0.06875
0 0.834375 0.73125 0.0015625 0.0015625
0 0.3671875 0.7703125 0.034375 0.0515625
0 0.4 0.7859375 0.053125 0.0578125
0 0.4296875 0.7765625 0.0421875 0.0453125
0 0.8625 0.2140625 0.09375 0.0890625
0 0.9390625 0.1578125 0.096875 0.0890625
0 0.8578125 0.1171875 0.09375 0.096875
0 0.48125 0.3171875 0.0421875 0.0421875
0 0.6234375 0.4328125 0.003125 0.003125