0 0.8859375 0.5953125 0.015625 0.00625
0 0.6015625 0.4828125 0.075 0.0796875
0 0.525 0.4765625 0.0765625 0.0734375
0 0.5828125 0.5390625 0.0734375 0.0703125
0 0.196875 0.640625 0.01875 0.0421875
0 0.1421875 0.646875 0.0296875 0.0265625
0 0.896875 0.4875 0.025 0.053125
0 0.5015625 0.59375 0.0203125 0.0265625
0 0.6953125 0.684375 0.0015625 0.0015625
0 0.4359375 0.590625 0.0484375 0.0515625
0 0.9453125 0.44375 0.0625 0.0359375
0 0.975 0.6921875 0.046875 0.0546875
0 0.690625 0.7453125 0.0046875 0.0046875
0 0.265625 0.7953125 0.05625 0.053125
0 0.31875 0.80625 0.0578125 0.059375
0 0.3328125 0.784375 0.0390625 0.0453125
0 0.975 0.303125 0.046875 0.0734375
0 0.984375 0.221875 0.0265625 0.071875
0 0.4828125 0.3140625 0.05 0.0484375
0 0.9125 0.4421875 0.003125 0.003125