0 0.4203125 0.9125 0.034375 0.015625
0 0.3875 0.915625 0.034375 0.0265625
0 0.425 0.8765625 0.0015625 0.0015625
0 0.6234375 0.7046875 0.0296875 0.0265625
0 0.6390625 0.71875 0.0328125 0.0359375
0 0.6140625 0.7359375 0.0328125 0.034375
0 0.51875 0.4828125 0.071875 0.071875
0 0.590625 0.4765625 0.0734375 0.071875
0 0.3109375 0.653125 0.0296875 0.0328125
0 0.5203125 0.94375 0.046875 0.0578125
0 0.659375 0.996875 0.028125 0.003125
0 0.4421875 0.7203125 0.0625 0.0640625
0 0.484375 0.6859375 0.065625 0.065625
0 0.7265625 0.98125 0.028125 0.028125
0 0.64375 0.9125 0.028125 0.0125
0 0.7296875 0.6328125 0.0328125 0.03125
0 0.5859375 0.79375 0.025 0.01875
0 0.3890625 0.5609375 0.0375 0.0390625
0 0.4328125 0.553125 0.0390625 0.0265625
0 0.284375 0.98125 0.0390625 0.034375
0 0.2921875 0.98125 0.0484375 0.0328125
0 0.3359375 0.9875 0.0375 0.021875