0 0.528125 0.3578125 0.059375 0.0640625
0 0.465625 0.3609375 0.0546875 0.05625
0 0.3140625 0.84375 0.0515625 0.0328125
0 0.2734375 0.8671875 0.03125 0.0453125
0 0.134375 0.8453125 0.1265625 0.121875
0 0.203125 0.478125 0.05 0.0484375
0 0.4859375 0.81875 0.0640625 0.06875
0 0.5265625 0.796875 0.059375 0.065625
0 0.46875 0.775 0.053125 0.0328125
0 0.484375 0.4859375 0.0796875 0.08125
0 0.465625 0.4640625 0.0609375 0.0578125
0 0.5640625 0.9078125 0.021875 0.0453125
0 0.1953125 0.771875 0.0390625 0.0359375
0 0.2484375 0.5984375 0.04375 0.0421875