0 0.4640625 0.5125 0.0640625 0.05
0 0.4140625 0.465625 0.0734375 0.071875
0 0.4875 0.4765625 0.0703125 0.0734375
0 0.4 0.50625 0.065625 0.046875
0 0.3453125 0.465625 0.06875 0.075
0 0.075 0.34375 0.08125 0.06875
0 0.596875 0.5984375 0.05 0.0328125
0 0.0890625 0.578125 0.0109375 0.0140625
0 0.5578125 0.6078125 0.025 0.01875
0 0.084375 0.290625 0.0890625 0.0859375
0 0.0203125 0.2890625 0.040625 0.0828125
0 0.184375 0.603125 0.0875 0.0875
0 0.2109375 0.725 0.0640625 0.0609375
0 0.0 0.7625 0.0015625 0.003125
0 0.996875 0.75 0.003125 0.009375
0 0.3828125 0.2046875 0.06875 0.0734375
0 0.5375 0.303125 0.00625 0.025
0 0.821875 0.4671875 0.053125 0.05