0 0.7328125 0.8078125 0.0421875 0.0640625
0 0.8203125 0.815625 0.05 0.0609375
0 0.778125 0.8484375 0.05 0.021875
0 0.7703125 0.8 0.06875 0.06875
0 0.84375 0.8078125 0.0703125 0.06875
0 0.5109375 0.403125 0.0765625 0.075
0 0.4453125 0.4375 0.071875 0.071875
0 0.496875 0.4734375 0.0703125 0.0734375
0 0.1546875 0.503125 0.0359375 0.034375
0 0.1234375 0.4859375 0.0421875 0.0328125
0 0.803125 0.45 0.0484375 0.046875
0 0.2765625 0.76875 0.046875 0.05
0 0.9046875 0.696875 0.0140625 0.0125
0 0.8890625 0.7 0.0203125 0.015625
0 0.8546875 0.725 0.0109375 0.0125
0 0.8625 0.69375 0.0234375 0.028125
0 0.8953125 0.68125 0.0203125 0.0203125
0 0.09375 0.7734375 0.0359375 0.03125
0 0.0578125 0.75625 0.0421875 0.0390625
0 0.2484375 0.60625 0.0390625 0.0390625
0 0.2078125 0.5875 0.0390625 0.0390625
0 0.80625 0.9609375 0.1296875 0.075
0 0.3546875 0.0953125 0.090625 0.1015625
0 0.55 0.3859375 0.0375 0.04375
0 0.4703125 0.3765625 0.0421875 0.0453125
0 0.5359375 0.83125 0.0421875 0.0453125
0 0.49375 0.8109375 0.034375 0.015625
0 0.496875 0.8359375 0.04375 0.0328125
0 0.7578125 0.5734375 0.009375 0.0140625
0 0.7828125 0.640625 0.0078125 0.0234375
0 0.759375 0.678125 0.025 0.01875
0 0.7453125 0.665625 0.003125 0.0046875