0 0.9375 0.159375 0.121875 0.121875
0 0.9734375 0.24375 0.05 0.103125
0 0.96875 0.0625 0.059375 0.125
0 0.0515625 0.128125 0.053125 0.0515625
0 0.015625 0.09375 0.03125 0.053125
0 0.1515625 0.3453125 0.0765625 0.0734375
0 0.9953125 0.4734375 0.0046875 0.021875
0 0.1640625 0.221875 0.05 0.05
0 0.1046875 0.2 0.0546875 0.0515625
0 0.5640625 0.46875 0.065625 0.071875
0 0.4984375 0.471875 0.071875 0.06875
0 0.85625 0.3359375 0.0328125 0.0234375
0 0.915625 0.4125 0.0046875 0.0109375
0 0.8734375 0.421875 0.025 0.0171875
0 0.853125 0.390625 0.028125 0.0375