0 0.21875 0.5203125 0.0046875 0.0078125
0 0.1859375 0.771875 0.025 0.0234375
0 0.1640625 0.78125 0.0234375 0.028125
0 0.009375 0.721875 0.01875 0.025
0 0.55625 0.375 0.1203125 0.115625
0 0.5875 0.4484375 0.1078125 0.1015625
0 0.603125 0.5265625 0.096875 0.0953125
0 0.51875 0.4609375 0.0875 0.0875
0 0.471875 0.378125 0.0875 0.103125
0 0.2140625 0.7359375 0.034375 0.025
0 0.240625 0.728125 0.0171875 0.0296875
0 0.2140625 0.71875 0.01875 0.0140625
0 0.165625 0.5890625 0.0265625 0.034375
0 0.1859375 0.56875 0.025 0.009375
0 0.3421875 0.80625 0.021875 0.0265625
0 0.0171875 0.7828125 0.034375 0.0515625
0 0.153125 0.728125 0.021875 0.0140625
0 0.165625 0.6296875 0.0234375 0.025
0 0.8359375 0.184375 0.06875 0.0734375
0 0.825 0.3265625 0.08125 0.0765625
0 0.4890625 0.484375 0.0578125 0.0609375
0 0.4390625 0.471875 0.0515625 0.0640625