0 0.1671875 0.88125 0.021875 0.0109375
0 0.2 0.865625 0.0234375 0.0203125
0 0.3765625 0.671875 0.0265625 0.0125
0 0.3796875 0.675 0.021875 0.0125
0 0.0015625 0.4265625 0.003125 0.028125
0 0.04375 0.4171875 0.078125 0.0703125
0 0.0734375 0.621875 0.0265625 0.0328125
0 0.1203125 0.8890625 0.0546875 0.0578125
0 0.478125 0.478125 0.0734375 0.0734375
0 0.0109375 0.946875 0.0234375 0.078125
0 0.0046875 0.671875 0.009375 0.009375
0 0.0140625 0.6296875 0.0296875 0.0453125
0 0.4171875 0.89375 0.028125 0.025
0 0.1046875 0.5296875 0.0359375 0.0375
0 0.1328125 0.5125 0.0421875 0.040625
0 0.665625 0.55625 0.10625 0.103125