0 0.615625 0.8375 0.00625 0.009375
0 0.625 0.840625 0.0046875 0.0015625
0 0.615625 0.84375 0.00625 0.003125
0 0.6234375 0.8359375 0.009375 0.009375
0 0.63125 0.8375 0.0078125 0.00625
0 0.6265625 0.784375 0.0078125 0.0046875
0 0.6171875 0.7890625 0.0078125 0.009375
0 0.61875 0.7953125 0.00625 0.0046875
0 0.4625 0.765625 0.003125 0.003125
0 0.465625 0.7609375 0.0078125 0.0078125
0 0.60625 0.76875 0.0078125 0.0078125
0 0.465625 0.7734375 0.0078125 0.009375
0 0.7515625 0.634375 0.0515625 0.065625
0 0.821875 0.6125 0.0328125 0.0609375
0 0.8984375 0.5859375 0.0140625 0.0140625
0 0.403125 0.4875 0.06875 0.071875
0 0.4765625 0.475 0.075 0.071875
0 0.4640625 0.8359375 0.0046875 0.009375
0 0.4578125 0.8328125 0.0046875 0.009375
0 0.484375 0.7875 0.0078125 0.00625
0 0.3875 0.8625 0.009375 0.009375
0 0.6703125 0.853125 0.009375 0.0078125
0 0.64375 0.765625 0.003125 0.003125
0 0.7171875 0.8140625 0.0078125 0.009375
0 0.56875 0.7515625 0.0078125 0.0078125
0 0.559375 0.75 0.0078125 0.0078125
0 0.5515625 0.8421875 0.0078125 0.0078125
0 0.540625 0.840625 0.00625 0.00625
0 0.55 0.8453125 0.00625 0.0078125
0 0.43125 0.7921875 0.009375 0.0109375
0 0.5890625 0.75625 0.0015625 0.0046875
0 0.596875 0.7609375 0.003125 0.0046875
0 0.5078125 0.7609375 0.00625 0.0078125
0 0.628125 0.7765625 0.003125 0.0046875