0 0.11875 0.559375 0.025 0.0171875
0 0.146875 0.559375 0.03125 0.0359375
0 0.203125 0.553125 0.028125 0.0265625
0 0.73125 0.5203125 0.025 0.0484375
0 0.521875 0.3125 0.140625 0.1421875
0 0.6875 0.3234375 0.15625 0.15625
0 0.48125 0.4796875 0.0734375 0.0734375
0 0.425 0.521875 0.0171875 0.021875
0 0.2765625 0.7265625 0.04375 0.05625
0 0.721875 0.75625 0.071875 0.0921875
0 0.659375 0.8078125 0.040625 0.034375
0 0.6015625 0.7546875 0.0828125 0.08125
0 0.5578125 0.4703125 0.0046875 0.009375
0 0.621875 0.2671875 0.0171875 0.00625
0 0.0015625 0.00625 0.0046875 0.0125