0 0.79375 0.84375 0.046875 0.0671875
0 0.8828125 0.8546875 0.05 0.0546875
0 0.8390625 0.884375 0.05625 0.0296875
0 0.8328125 0.8375 0.0703125 0.0703125
0 0.9109375 0.846875 0.0734375 0.0671875
0 0.5765625 0.434375 0.0796875 0.0765625
0 0.50625 0.4703125 0.0734375 0.075
0 0.559375 0.5078125 0.071875 0.075
0 0.18125 0.51875 0.0375 0.0359375
0 0.15 0.5046875 0.0421875 0.0375
0 0.8484375 0.471875 0.0484375 0.05
0 0.3125 0.7953125 0.0453125 0.0515625
0 0.9171875 0.71875 0.021875 0.0234375
0 0.8875 0.734375 0.0296875 0.0234375
0 0.903125 0.709375 0.009375 0.025
0 0.9125 0.6875 0.0140625 0.00625
0 0.1234375 0.7921875 0.0359375 0.0328125
0 0.11875 0.7765625 0.0328125 0.0296875
0 0.0875 0.775 0.04375 0.0328125
0 0.278125 0.6265625 0.0390625 0.0390625
0 0.2359375 0.6109375 0.0390625 0.03125
0 0.4296875 0.1234375 0.0921875 0.1046875
0 0.5859375 0.39375 0.04375 0.021875
0 0.509375 0.3953125 0.04375 0.046875
0 0.575 0.85625 0.04375 0.0453125
0 0.53125 0.8484375 0.04375 0.025
0 0.534375 0.8671875 0.04375 0.0375
0 0.76875 0.584375 0.015625 0.015625
0 0.7625 0.6859375 0.0125 0.0109375