0 0.5421875 0.6765625 0.0078125 0.021875
0 0.559375 0.64375 0.025 0.0421875
0 0.603125 0.6390625 0.0046875 0.0015625
0 0.515625 0.6734375 0.03125 0.0125
0 0.5296875 0.6421875 0.05 0.0578125
0 0.48125 0.53125 0.0671875 0.059375
0 0.55 0.5109375 0.0640625 0.0671875
0 0.5015625 0.4921875 0.06875 0.0703125
0 0.578125 0.771875 0.0625 0.0671875
0 0.3265625 0.840625 0.0140625 0.01875
0 0.3984375 0.3125 0.0984375 0.1
0 0.484375 0.2671875 0.096875 0.0984375
0 0.40625 0.2046875 0.1 0.109375
0 0.5703125 0.45 0.04375 0.05
0 0.7359375 0.703125 0.0328125 0.0359375
0 0.6875 0.7203125 0.0171875 0.0265625
0 0.59375 0.6859375 0.0875 0.090625
0 0.14375 0.4609375 0.0109375 0.009375