0 0.278125 0.715625 0.0265625 0.025
0 0.1890625 0.7234375 0.0015625 0.00625
0 0.2640625 0.70625 0.009375 0.0171875
0 0.296875 0.646875 0.053125 0.040625
0 0.6125 0.8703125 0.00625 0.0078125
0 0.6140625 0.8765625 0.0046875 0.0015625
0 0.61875 0.8703125 0.0078125 0.0078125
0 0.628125 0.8703125 0.00625 0.0078125
0 0.6125 0.8265625 0.00625 0.0078125
0 0.6109375 0.809375 0.003125 0.00625
0 0.4375 0.88125 0.0078125 0.00625
0 0.4359375 0.8890625 0.003125 0.00625
0 0.53125 0.8671875 0.0078125 0.0078125
0 0.3546875 0.63125 0.05 0.05
0 0.340625 0.6203125 0.059375 0.053125
0 0.3390625 0.840625 0.0265625 0.0421875
0 0.0234375 0.940625 0.0484375 0.0515625
0 0.009375 0.8625 0.0015625 0.0015625
0 0.0140625 0.8640625 0.0046875 0.0046875
0 0.4203125 0.5078125 0.0796875 0.078125
0 0.471875 0.4828125 0.0703125 0.0640625
0 0.4578125 0.4359375 0.0796875 0.071875
0 0.4546875 0.8 0.0671875 0.0671875
0 0.0703125 0.5015625 0.01875 0.0328125
0 0.590625 0.834375 0.0015625 0.003125
0 0.5765625 0.840625 0.003125 0.00625
0 0.5796875 0.834375 0.0046875 0.0046875
0 0.5859375 0.83125 0.0046875 0.00625
0 0.475 0.8671875 0.00625 0.0078125
0 0.46875 0.865625 0.00625 0.00625
0 0.5046875 0.83125 0.00625 0.00625
0 0.4953125 0.8265625 0.0078125 0.00625
0 0.6359375 0.909375 0.0015625 0.003125
0 0.6484375 0.8890625 0.0078125 0.009375
0 0.6171875 0.8078125 0.00625 0.00625
0 0.6953125 0.853125 0.0078125 0.0078125
0 0.5734375 0.79375 0.00625 0.0078125
0 0.5625 0.79375 0.0078125 0.00625
0 0.5625 0.875 0.0015625 0.00625
0 0.5515625 0.871875 0.003125 0.003125
0 0.5578125 0.878125 0.0046875 0.003125
0 0.4078125 0.8734375 0.0078125 0.0046875
0 0.621875 0.79375 0.00625 0.0046875
0 0.625 0.7984375 0.00625 0.00625
0 0.546875 0.796875 0.00625 0.0046875
0 0.5546875 0.8171875 0.0046875 0.0046875
0 0.5609375 0.83125 0.0046875 0.0046875
0 0.559375 0.828125 0.00625 0.00625
0 0.6515625 0.8109375 0.0015625 0.0046875