0 0.1421875 0.4765625 0.01875 0.01875
0 0.1203125 0.478125 0.0265625 0.0234375
0 0.075 0.728125 0.0265625 0.021875
0 0.0515625 0.7375 0.0234375 0.025
0 0.015625 0.53125 0.0265625 0.025
0 0.4703125 0.3578125 0.084375 0.0828125
0 0.4875 0.4140625 0.0765625 0.071875
0 0.4953125 0.4703125 0.071875 0.0640625
0 0.4359375 0.4203125 0.065625 0.06875
0 0.40625 0.3578125 0.065625 0.0765625
0 0.1109375 0.6875 0.0328125 0.0234375
0 0.1390625 0.684375 0.0296875 0.0265625
0 0.1109375 0.6734375 0.0203125 0.0109375
0 0.0796875 0.5484375 0.034375 0.03125
0 0.0953125 0.5390625 0.0265625 0.0296875
0 0.228125 0.7625 0.0203125 0.0234375
0 0.034375 0.69375 0.021875 0.0125
0 0.0546875 0.5921875 0.025 0.0203125
0 0.6765625 0.228125 0.05 0.0546875
0 0.6640625 0.3359375 0.059375 0.0609375
0 0.4046875 0.4484375 0.053125 0.05
0 0.359375 0.4375 0.0453125 0.053125