0 0.2109375 0.875 0.0640625 0.0671875
0 0.2578125 0.878125 0.034375 0.0453125
0 0.1890625 0.9046875 0.0390625 0.0453125
0 0.2765625 0.8625 0.0609375 0.0671875
0 0.3234375 0.8546875 0.03125 0.0125
0 0.4796875 0.478125 0.0625 0.0734375
0 0.446875 0.471875 0.053125 0.05
0 0.4125 0.5484375 0.08125 0.0515625
0 0.1578125 0.49375 0.05 0.0484375
0 0.7265625 0.965625 0.0734375 0.0640625
0 0.7171875 0.2484375 0.0828125 0.0875
0 0.8234375 0.71875 0.05625 0.0546875
0 0.0046875 0.56875 0.009375 0.021875
0 0.115625 0.6296875 0.03125 0.0234375