0 0.978125 0.0421875 0.040625 0.084375
0 0.225 0.3203125 0.021875 0.028125
0 0.175 0.3171875 0.040625 0.03125
0 0.528125 0.365625 0.034375 0.0390625
0 0.5546875 0.3640625 0.0328125 0.0359375
0 0.6078125 0.25 0.04375 0.065625
0 0.9015625 0.4765625 0.028125 0.0359375
0 0.446875 0.4375 0.0828125 0.08125
0 0.5203125 0.4546875 0.0625 0.0796875
0 0.4921875 0.4671875 0.0578125 0.071875
0 0.6703125 0.6453125 0.0046875 0.0015625
0 0.5171875 0.209375 0.0046875 0.0078125
0 0.5546875 0.5984375 0.0140625 0.0109375