0 0.2578125 0.6828125 0.021875 0.025
0 0.2609375 0.696875 0.0125 0.0046875
0 0.240625 0.696875 0.0171875 0.01875
0 0.28125 0.6796875 0.01875 0.025
0 0.4109375 0.5265625 0.0203125 0.0078125
0 0.4109375 0.5390625 0.021875 0.0265625
0 0.39375 0.5546875 0.0265625 0.025
0 0.0375 0.3046875 0.0453125 0.0421875
0 0.0796875 0.296875 0.040625 0.0359375
0 0.1921875 0.509375 0.021875 0.0234375
0 0.1890625 0.6203125 0.0625 0.059375
0 0.2453125 0.6421875 0.0609375 0.0609375
0 0.175 0.64375 0.025 0.015625
0 0.3140625 0.303125 0.0328125 0.0453125
0 0.028125 0.6078125 0.053125 0.0234375
0 0.0078125 0.5828125 0.015625 0.04375
0 0.0359375 0.578125 0.053125 0.04375
0 0.0703125 0.471875 0.0375 0.0328125
0 0.0734375 0.4390625 0.04375 0.0390625
0 0.5109375 0.7546875 0.0265625 0.0265625
0 0.4609375 0.715625 0.0234375 0.021875
0 0.475 0.6390625 0.015625 0.01875
0 0.2140625 0.41875 0.00625 0.00625
0 0.0828125 0.68125 0.0203125 0.0203125
0 0.1171875 0.6984375 0.0234375 0.01875
0 0.4953125 0.46875 0.06875 0.0734375
0 0.340625 0.296875 0.0578125 0.059375