0 0.603125 0.6125 0.0265625 0.040625
0 0.6078125 0.634375 0.01875 0.0203125
0 0.55625 0.640625 0.0265625 0.0171875
0 0.628125 0.6140625 0.028125 0.028125
0 0.8453125 0.346875 0.034375 0.0421875
0 0.8546875 0.340625 0.05 0.0484375
0 0.825 0.3734375 0.046875 0.040625
0 0.46875 0.3578125 0.0375 0.03125
0 0.478125 0.471875 0.071875 0.071875
0 0.0703125 0.253125 0.1421875 0.115625
0 0.0078125 0.1765625 0.0125 0.0109375
0 0.06875 0.0953125 0.1390625 0.1234375
0 0.2296875 0.0984375 0.0828125 0.0875
0 0.20625 0.021875 0.0625 0.04375
0 0.9453125 0.6578125 0.034375 0.03125
0 0.9921875 0.2234375 0.0109375 0.0328125
0 0.90625 0.5546875 0.0375 0.0328125
0 0.465625 0.178125 0.0453125 0.05
0 0.4890625 0.1234375 0.046875 0.0546875
0 0.3796875 0.63125 0.025 0.01875