0 0.95625 0.9390625 0.059375 0.10625
0 0.9828125 0.9515625 0.0296875 0.065625
0 0.521875 0.4953125 0.0609375 0.059375
0 0.5140625 0.546875 0.0359375 0.0375
0 0.56875 0.546875 0.071875 0.0578125
0 0.9234375 0.5375 0.009375 0.01875
0 0.8921875 0.5328125 0.0296875 0.0296875
0 0.7390625 0.8359375 0.0234375 0.025
0 0.715625 0.853125 0.01875 0.021875
0 0.9171875 0.8265625 0.0484375 0.05
0 0.6796875 0.590625 0.0296875 0.03125
0 0.9328125 0.7953125 0.0078125 0.003125
0 0.95 0.790625 0.0390625 0.0203125
0 0.9078125 0.79375 0.040625 0.025
0 0.9453125 0.6078125 0.0203125 0.01875
0 0.896875 0.8796875 0.0296875 0.0203125
0 0.2984375 0.3640625 0.0625 0.065625
0 0.9609375 0.328125 0.0609375 0.059375
0 0.5890625 0.7859375 0.0078125 0.0140625