0 0.5875 0.9234375 0.0296875 0.01875
0 0.55625 0.9296875 0.0296875 0.0234375
0 0.6171875 0.903125 0.0265625 0.0390625
0 0.7921875 0.703125 0.0359375 0.0234375
0 0.803125 0.721875 0.0390625 0.0390625
0 0.7765625 0.740625 0.0375 0.0375
0 0.3953125 0.4953125 0.0734375 0.071875
0 0.471875 0.4796875 0.075 0.0734375
0 0.471875 0.6625 0.0265625 0.03125
0 0.56875 0.9609375 0.0546875 0.0625
0 0.971875 0.50625 0.0515625 0.0921875
0 0.009375 0.7859375 0.01875 0.028125
0 0.4171875 0.7359375 0.0609375 0.0546875
0 0.4328125 0.696875 0.0671875 0.065625
0 0.8578125 0.9453125 0.03125 0.0203125
0 0.9203125 0.621875 0.0390625 0.034375
0 0.815625 0.803125 0.0296875 0.025
0 0.4984375 0.5578125 0.00625 0.0078125
0 0.53125 0.553125 0.0359375 0.0390625
0 0.390625 0.98125 0.0453125 0.034375
0 0.4234375 0.9953125 0.015625 0.0046875
0 0.1265625 0.6421875 0.028125 0.025
0 0.11875 0.6609375 0.0265625 0.021875
0 0.00625 0.7671875 0.0140625 0.034375
0 0.2015625 0.715625 0.021875 0.01875