0 0.4203125 0.7453125 0.00625 0.0078125
0 0.4234375 0.74375 0.00625 0.0078125
0 0.4203125 0.7546875 0.009375 0.009375
0 0.478125 0.5390625 0.04375 0.0125
0 0.45 0.5078125 0.0515625 0.0703125
0 0.50625 0.4953125 0.0625 0.0515625
0 0.5859375 0.478125 0.05 0.0703125
0 0.9890625 0.3078125 0.01875 0.034375
0 0.0640625 0.33125 0.078125 0.0546875
0 0.128125 0.325 0.0796875 0.078125
0 0.521875 0.7859375 0.0015625 0.0015625
0 0.51875 0.7828125 0.00625 0.0046875
0 0.453125 0.775 0.0015625 0.003125
0 0.44375 0.76875 0.003125 0.003125
0 0.3375 0.846875 0.003125 0.0078125
0 0.528125 0.734375 0.00625 0.0078125
0 0.51875 0.7328125 0.00625 0.0078125
0 0.359375 0.8203125 0.009375 0.0078125
0 0.471875 0.746875 0.00625 0.0078125
0 0.4796875 0.7703125 0.00625 0.00625
0 0.590625 0.759375 0.003125 0.0015625