0 0.478125 0.721875 0.0015625 0.003125
0 0.49375 0.703125 0.034375 0.0359375
0 0.503125 0.7078125 0.0328125 0.0421875
0 0.06875 0.634375 0.0859375 0.0828125
0 0.0171875 0.6234375 0.0359375 0.0671875
0 0.0625 0.690625 0.084375 0.0625
0 0.4609375 0.6046875 0.05 0.0515625
0 0.00625 0.6859375 0.0125 0.028125
0 0.8828125 0.8046875 0.0078125 0.003125
0 0.8828125 0.8 0.0078125 0.0078125
0 0.8453125 0.88125 0.0078125 0.00625
0 0.846875 0.8875 0.009375 0.009375
0 0.9546875 0.8703125 0.009375 0.0078125
0 0.86875 0.8125 0.009375 0.0078125
0 0.5171875 0.5984375 0.046875 0.053125
0 0.4875 0.5875 0.0546875 0.0546875
0 0.521875 0.8046875 0.0453125 0.0546875
0 0.2625 0.8640625 0.0390625 0.0328125
0 0.4796875 0.4734375 0.071875 0.071875
0 0.5375 0.440625 0.0703125 0.071875
0 0.5 0.4 0.06875 0.075
0 0.0234375 0.4140625 0.0484375 0.0625
0 0.58125 0.75 0.0640625 0.0671875
0 0.340625 0.5125 0.009375 0.01875
0 0.8875 0.86875 0.0078125 0.0078125
0 0.8796875 0.865625 0.009375 0.0078125
0 0.91875 0.83125 0.00625 0.00625
0 0.9078125 0.825 0.009375 0.0078125
0 0.815625 0.8890625 0.00625 0.0078125
0 0.9953125 0.790625 0.0046875 0.0078125
0 0.984375 0.7890625 0.009375 0.0078125
0 0.99375 0.88125 0.003125 0.0078125
0 0.9796875 0.8765625 0.0046875 0.0015625
0 0.9875 0.884375 0.0046875 0.003125
0 0.809375 0.871875 0.0078125 0.00625
0 0.8328125 0.8296875 0.009375 0.0078125
0 0.9703125 0.7953125 0.0078125 0.0078125
0 0.9828125 0.8171875 0.0078125 0.0078125
0 0.990625 0.8328125 0.0078125 0.00625
0 0.9890625 0.8296875 0.00625 0.0078125