0 0.5234375 0.61875 0.0203125 0.0234375
0 0.53125 0.634375 0.009375 0.003125
0 0.5515625 0.621875 0.021875 0.0140625
0 0.55625 0.6296875 0.0140625 0.015625
0 0.6796875 0.45 0.0171875 0.0296875
0 0.675 0.4515625 0.0265625 0.03125
0 0.6609375 0.4703125 0.03125 0.0265625
0 0.25625 0.184375 0.0453125 0.046875
0 0.28125 0.1734375 0.0140625 0.028125
0 0.4125 0.446875 0.071875 0.0734375
0 0.4796875 0.46875 0.0734375 0.0734375
0 0.4328125 0.5484375 0.0359375 0.0359375
0 0.55 0.1078125 0.053125 0.059375
0 0.0984375 0.575 0.009375 0.009375
0 0.06875 0.5796875 0.0125 0.0171875
0 0.0828125 0.565625 0.0234375 0.0203125
0 0.103125 0.5578125 0.0234375 0.0234375
0 0.2609375 0.4953125 0.05 0.0328125
0 0.221875 0.4671875 0.053125 0.05
0 0.265625 0.4546875 0.053125 0.0484375
0 0.303125 0.3734375 0.03125 0.0375
0 0.3046875 0.334375 0.04375 0.040625
0 0.8140625 0.69375 0.03125 0.03125
0 0.7515625 0.6515625 0.028125 0.0265625
0 0.7828125 0.375 0.03125 0.028125
0 0.7546875 0.575 0.021875 0.0125
0 0.4375 0.3453125 0.028125 0.0265625
0 0.4484375 0.321875 0.0296875 0.03125
0 0.3265625 0.6125 0.0078125 0.0078125
0 0.38125 0.6265625 0.0140625 0.025
0 0.790625 0.1328125 0.1078125 0.1125
0 0.5671875 0.0359375 0.0734375 0.071875
0 0.19375 0.475 0.0046875 0.00625
0 0.196875 0.4921875 0.0203125 0.0109375
0 0.071875 0.528125 0.025 0.0265625
0 0.0875 0.51875 0.028125 0.025
0 0.26875 0.5328125 0.0046875 0.00625