0 0.4765625 0.6875 0.00625 0.0078125
0 0.4640625 0.6859375 0.0015625 0.00625
0 0.46875 0.6859375 0.0078125 0.0078125
0 0.45 0.6765625 0.003125 0.0078125
0 0.54375 0.68125 0.0015625 0.0015625
0 0.528125 0.6921875 0.003125 0.0078125
0 0.1609375 0.7390625 0.0546875 0.0484375
0 0.2234375 0.7609375 0.0421875 0.05
0 0.1875 0.7921875 0.059375 0.0546875
0 0.9640625 0.684375 0.046875 0.046875
0 0.4453125 0.675 0.00625 0.00625
0 0.440625 0.675 0.0015625 0.00625
0 0.45 0.7046875 0.00625 0.0078125
0 0.4890625 0.715625 0.00625 0.0078125
0 0.5734375 0.7109375 0.0078125 0.009375
0 0.5828125 0.7109375 0.0078125 0.0078125
0 0.578125 0.715625 0.003125 0.0015625
0 0.5671875 0.7109375 0.00625 0.0046875
0 0.4234375 0.665625 0.0046875 0.00625
0 0.4625 0.653125 0.00625 0.00625
0 0.4984375 0.68125 0.0078125 0.00625
0 0.5078125 0.6890625 0.00625 0.0046875
0 0.428125 0.6984375 0.00625 0.00625
0 0.5125 0.6390625 0.003125 0.003125
0 0.528125 0.665625 0.0078125 0.0078125
0 0.6203125 0.6921875 0.0015625 0.0015625
0 0.184375 0.6359375 0.0453125 0.04375
0 0.403125 0.45 0.078125 0.08125
0 0.4953125 0.465625 0.0703125 0.0734375