0 0.6796875 0.9234375 0.1 0.0515625
0 0.7046875 0.853125 0.15625 0.171875
0 0.8265625 0.865625 0.125 0.159375
0 0.5953125 0.9015625 0.08125 0.06875
0 0.5453125 0.8421875 0.1671875 0.1796875
0 0.046875 0.5921875 0.0953125 0.121875
0 0.209375 0.7609375 0.0203125 0.009375
0 0.15 0.421875 0.3 0.3359375
0 0.9640625 0.9671875 0.0390625 0.05
0 0.8828125 0.965625 0.0203125 0.015625
0 0.940625 0.9671875 0.0546875 0.046875
0 0.6578125 0.2640625 0.1515625 0.1578125
0 0.5578125 0.36875 0.0171875 0.0140625
0 0.846875 0.6734375 0.0640625 0.0515625