0 0.684375 0.80625 0.046875 0.0609375
0 0.7640625 0.8140625 0.046875 0.05
0 0.7203125 0.8453125 0.05 0.0265625
0 0.721875 0.7984375 0.0640625 0.065625
0 0.7921875 0.803125 0.065625 0.0671875
0 0.5171875 0.403125 0.0765625 0.075
0 0.446875 0.4328125 0.075 0.0734375
0 0.49375 0.4734375 0.0703125 0.0734375
0 0.046875 0.484375 0.0421875 0.040625
0 0.01875 0.465625 0.0390625 0.0390625
0 0.7328125 0.4625 0.0453125 0.0453125
0 0.196875 0.7625 0.05 0.025
0 0.78125 0.69375 0.021875 0.0234375
0 0.7578125 0.7078125 0.021875 0.0171875
0 0.7328125 0.7203125 0.028125 0.0234375
0 0.7375 0.6984375 0.0265625 0.0265625
0 0.7640625 0.678125 0.0265625 0.01875
0 0.0 0.7734375 0.0015625 0.0046875
0 0.1546875 0.5984375 0.04375 0.0421875
0 0.1078125 0.5765625 0.0421875 0.0390625
0 0.8609375 0.95625 0.125 0.084375
0 0.4140625 0.0828125 0.0921875 0.103125
0 0.4796875 0.3859375 0.0328125 0.0421875
0 0.4125 0.3734375 0.0453125 0.046875
0 0.4578125 0.8296875 0.0390625 0.040625
0 0.4203125 0.8171875 0.0234375 0.0046875
0 0.4234375 0.84375 0.03125 0.0453125
0 0.8984375 0.53125 0.03125 0.0125
0 0.9234375 0.5453125 0.015625 0.028125
0 0.63125 0.5828125 0.021875 0.0203125
0 0.65625 0.6453125 0.0203125 0.021875
0 0.6453125 0.6734375 0.028125 0.0296875
0 0.6296875 0.6640625 0.0296875 0.028125