0 0.58125 0.953125 0.1390625 0.090625
0 0.696875 0.95625 0.11875 0.0828125
0 0.4921875 0.953125 0.0390625 0.090625
0 0.4359375 0.9484375 0.153125 0.0984375
0 0.1859375 0.775 0.0359375 0.0453125
0 0.178125 0.7921875 0.046875 0.0578125
0 0.5171875 0.9109375 0.028125 0.025
0 0.4390625 0.8828125 0.0046875 0.0015625
0 0.075 0.75625 0.1515625 0.28125
0 0.896875 0.9859375 0.0078125 0.00625
0 0.890625 0.984375 0.0109375 0.0015625
0 0.8453125 0.99375 0.028125 0.009375
0 0.8953125 0.9875 0.00625 0.0015625
0 0.546875 0.4484375 0.1375 0.1390625
0 0.11875 0.546875 0.0203125 0.0265625
0 0.7859375 0.7453125 0.0640625 0.059375