0 0.240625 0.446875 0.0015625 0.0015625
0 0.25625 0.4046875 0.009375 0.009375
0 0.6828125 0.3453125 0.0453125 0.040625
0 0.6875 0.3078125 0.053125 0.0515625
0 0.6453125 0.35625 0.0515625 0.0515625
0 0.434375 0.375 0.00625 0.0125
0 0.3796875 0.2484375 0.0546875 0.0578125
0 0.4484375 0.3671875 0.0203125 0.0078125
0 0.278125 0.51875 0.0515625 0.0484375
0 0.509375 0.421875 0.078125 0.08125
0 0.5125 0.478125 0.075 0.0515625
0 0.4265625 0.45 0.0703125 0.0640625
0 0.646875 0.328125 0.0015625 0.0015625
0 0.5453125 0.078125 0.0015625 0.0015625
0 0.2921875 0.2953125 0.0015625 0.0078125