0 0.5359375 0.615625 0.0046875 0.00625
0 0.5265625 0.6125 0.003125 0.0078125
0 0.53125 0.6125 0.00625 0.0078125
0 0.534375 0.6140625 0.003125 0.00625
0 0.5125 0.6078125 0.003125 0.00625
0 0.603125 0.609375 0.003125 0.0046875
0 0.5859375 0.61875 0.00625 0.00625
0 0.615625 0.4765625 0.0453125 0.040625
0 0.525 0.4875 0.075 0.071875
0 0.6 0.5015625 0.0734375 0.078125
0 0.5546875 0.4984375 0.034375 0.0515625
0 0.471875 0.4875 0.059375 0.0703125
0 0.5546875 0.340625 0.009375 0.0140625
0 0.6140625 0.34375 0.0140625 0.0375
0 0.5953125 0.3578125 0.028125 0.034375
0 0.503125 0.6046875 0.0046875 0.00625
0 0.5015625 0.60625 0.0046875 0.0046875
0 0.5109375 0.6328125 0.0046875 0.0078125
0 0.546875 0.6453125 0.00625 0.0046875
0 0.6375 0.628125 0.0078125 0.0078125
0 0.646875 0.6296875 0.0078125 0.0078125
0 0.65 0.634375 0.00625 0.003125
0 0.6421875 0.634375 0.00625 0.003125
0 0.63125 0.6296875 0.00625 0.009375
0 0.4828125 0.596875 0.00625 0.0046875
0 0.5390625 0.59375 0.0015625 0.0046875
0 0.5234375 0.5828125 0.00625 0.0078125
0 0.5640625 0.6015625 0.0078125 0.0078125
0 0.571875 0.6078125 0.0078125 0.0078125
0 0.4875 0.628125 0.00625 0.0046875
0 0.5703125 0.5703125 0.003125 0.00625
0 0.590625 0.590625 0.00625 0.0078125
0 0.5765625 0.578125 0.0046875 0.00625
0 0.6953125 0.61875 0.003125 0.003125
0 0.6828125 0.6171875 0.0046875 0.0078125
0 0.4234375 0.7109375 0.04375 0.0453125
0 0.3640625 0.628125 0.0484375 0.0484375
0 0.51875 0.303125 0.0234375 0.0296875
0 0.0984375 0.44375 0.0515625 0.05
0 0.9171875 0.015625 0.053125 0.0328125