0 0.471875 0.6359375 0.0234375 0.01875
0 0.4828125 0.64375 0.003125 0.003125
0 0.4421875 0.6375 0.003125 0.0015625
0 0.4921875 0.6296875 0.015625 0.0171875
0 0.621875 0.4625 0.0078125 0.0125
0 0.6375 0.4765625 0.025 0.0171875
0 0.2734375 0.1796875 0.0484375 0.0484375
0 0.321875 0.16875 0.0484375 0.05
0 0.390625 0.4546875 0.0234375 0.025
0 0.521875 0.475 0.0734375 0.0734375
0 0.5953125 0.5015625 0.075 0.075
0 0.4171875 0.5625 0.0390625 0.0375
0 0.6046875 0.1421875 0.0375 0.046875
0 0.0 0.5609375 0.0015625 0.0203125
0 0.009375 0.5515625 0.0203125 0.0171875
0 0.2859375 0.50625 0.053125 0.0390625
0 0.25 0.4765625 0.05625 0.0515625
0 0.3 0.46875 0.05625 0.0546875
0 0.303125 0.3765625 0.040625 0.0390625
0 0.3078125 0.3375 0.0453125 0.0421875
0 0.0546875 0.525 0.1078125 0.096875
0 0.74375 0.703125 0.0140625 0.015625
0 0.6890625 0.6671875 0.028125 0.0265625
0 0.7328125 0.4078125 0.0296875 0.015625
0 0.678125 0.59375 0.0140625 0.021875
0 0.3984375 0.353125 0.025 0.028125
0 0.4171875 0.3296875 0.028125 0.03125
0 0.315625 0.6515625 0.0078125 0.0046875
0 0.3015625 0.6265625 0.0328125 0.01875
0 0.3359375 0.6421875 0.03125 0.0296875
0 0.9703125 0.2078125 0.0546875 0.1046875
0 0.69375 0.0734375 0.071875 0.075
0 0.1125 0.465625 0.0234375 0.0203125
0 0.10625 0.4828125 0.021875 0.0203125
0 0.0046875 0.5078125 0.009375 0.01875
0 0.175 0.540625 0.0203125 0.015625