0 0.5875 0.0703125 0.065625 0.065625
0 0.578125 0.0265625 0.03125 0.040625
0 0.15625 0.446875 0.0546875 0.1046875
0 0.075 0.4625 0.15 0.121875
0 0.99375 0.578125 0.0046875 0.00625
0 0.978125 0.5953125 0.009375 0.0109375
0 0.9546875 0.6015625 0.0328125 0.025
0 0.975 0.575 0.034375 0.0296875
0 0.990625 0.559375 0.0140625 0.028125
0 0.590625 0.4953125 0.0734375 0.075
0 0.515625 0.49375 0.0484375 0.0453125
0 0.53125 0.453125 0.0796875 0.0796875
0 0.8 0.2671875 0.065625 0.0671875
0 0.74375 0.21875 0.06875 0.0671875
0 0.79375 0.4546875 0.0171875 0.025
0 0.9109375 0.5453125 0.034375 0.021875
0 0.9140625 0.5234375 0.0359375 0.03125