0 0.71875 0.6453125 0.03125 0.040625
0 0.6765625 0.64375 0.0234375 0.0296875
0 0.4046875 0.4421875 0.165625 0.1640625
0 0.5625 0.975 0.0359375 0.0375
0 0.5296875 0.9828125 0.0359375 0.03125
0 0.475 0.696875 0.0265625 0.0375
0 0.690625 0.9859375 0.015625 0.0234375
0 0.6765625 0.9640625 0.015625 0.034375
0 0.7109375 0.790625 0.053125 0.0578125
0 0.6984375 0.7609375 0.04375 0.0421875
0 0.5296875 0.44375 0.003125 0.00625
0 0.4890625 0.4828125 0.03125 0.028125
0 0.45 0.8890625 0.025 0.03125
0 0.4953125 0.7671875 0.028125 0.03125