0 0.3453125 0.5890625 0.003125 0.0078125
0 0.3484375 0.5890625 0.0078125 0.0078125
0 0.3359375 0.584375 0.0078125 0.00625
0 0.4421875 0.584375 0.003125 0.0015625
0 0.434375 0.5859375 0.003125 0.00625
0 0.4078125 0.59375 0.0078125 0.00625
0 0.5375 0.4171875 0.08125 0.08125
0 0.5140625 0.46875 0.0734375 0.071875
0 0.325 0.00625 0.0140625 0.0140625
0 0.4140625 0.59375 0.003125 0.00625
0 0.328125 0.58125 0.0078125 0.0078125
0 0.33125 0.6109375 0.0078125 0.0078125
0 0.3734375 0.625 0.0078125 0.0046875
0 0.4625 0.6078125 0.0015625 0.0015625
0 0.440625 0.6015625 0.003125 0.0046875
0 0.36875 0.5765625 0.00625 0.0046875
0 0.378125 0.5828125 0.0078125 0.009375
0 0.3125 0.6046875 0.00625 0.0046875
0 0.44375 0.5546875 0.0078125 0.0046875
0 0.40625 0.5640625 0.0078125 0.0078125
0 0.1171875 0.034375 0.1421875 0.06875
0 0.24375 0.003125 0.0515625 0.0078125
0 0.2515625 0.0453125 0.1171875 0.0921875
0 0.6328125 0.44375 0.053125 0.05
0 0.5390625 0.1625 0.04375 0.0578125