0 0.7203125 0.6125 0.046875 0.0375
0 0.7359375 0.63125 0.0296875 0.0171875
0 0.6890625 0.6328125 0.04375 0.0390625
0 0.7671875 0.6046875 0.04375 0.0328125
0 0.7796875 0.615625 0.028125 0.034375
0 0.9859375 0.3125 0.025 0.015625
0 0.9703125 0.2875 0.0546875 0.05625
0 0.9484375 0.3265625 0.0484375 0.05
0 0.596875 0.353125 0.03125 0.034375
0 0.475 0.4703125 0.071875 0.0703125
0 0.1734375 0.5703125 0.0078125 0.00625
0 0.140625 0.5734375 0.0078125 0.009375
0 0.140625 0.575 0.0046875 0.0078125
0 0.153125 0.5609375 0.0328125 0.0296875
0 0.171875 0.546875 0.0140625 0.0203125
0 0.20625 0.153125 0.075 0.0765625
0 0.1671875 0.0484375 0.0890625 0.0609375
0 0.54375 0.1734375 0.0453125 0.04375
0 0.5421875 0.121875 0.040625 0.053125
0 0.41875 0.615625 0.01875 0.0328125
0 0.396875 0.615625 0.025 0.0265625
0 0.434375 0.628125 0.046875 0.040625
0 0.3140625 0.440625 0.0234375 0.025
0 0.315625 0.4625 0.025 0.01875
0 0.0046875 0.3953125 0.009375 0.0296875
0 0.0171875 0.4828125 0.034375 0.0203125
0 0.109375 0.5140625 0.0359375 0.03125
0 0.1203125 0.4953125 0.0390625 0.034375
0 0.4078125 0.528125 0.00625 0.009375