0 0.6765625 0.6421875 0.0265625 0.0296875
0 0.703125 0.640625 0.0234375 0.0234375
0 0.85625 0.4625 0.0390625 0.0328125
0 0.4359375 0.0609375 0.0625 0.0671875
0 0.496875 0.0359375 0.0640625 0.0703125
0 0.56875 0.4359375 0.028125 0.0234375
0 0.90625 0.3984375 0.1421875 0.13125
0 0.9859375 0.4359375 0.0234375 0.0828125
0 0.6296875 0.5609375 0.04375 0.05
0 0.1546875 0.5828125 0.003125 0.0015625
0 0.1140625 0.5953125 0.0234375 0.0140625
0 0.140625 0.584375 0.0234375 0.009375
0 0.165625 0.5703125 0.015625 0.015625
0 0.4734375 0.4875 0.075 0.059375
0 0.4234375 0.446875 0.0765625 0.0734375
0 0.4921875 0.434375 0.078125 0.078125
0 0.4765625 0.328125 0.0515625 0.053125
0 0.484375 0.2734375 0.0578125 0.05625
0 0.096875 0.5046875 0.19375 0.1875
0 0.953125 0.68125 0.0359375 0.03125
0 0.990625 0.3421875 0.0140625 0.028125
0 0.9234375 0.5921875 0.0265625 0.0203125
0 0.578125 0.303125 0.0296875 0.01875
0 0.603125 0.278125 0.0359375 0.0375
0 0.4859375 0.6484375 0.0375 0.034375
0 0.525 0.6609375 0.040625 0.025
0 0.265625 0.465625 0.0203125 0.0203125
0 0.25625 0.4859375 0.01875 0.021875
0 0.0046875 0.4109375 0.0109375 0.028125
0 0.3390625 0.54375 0.009375 0.0203125