0 0.3359375 0.90625 0.0359375 0.021875
0 0.3125 0.8984375 0.015625 0.0234375
0 0.3015625 0.9234375 0.034375 0.040625
0 0.3640625 0.896875 0.01875 0.034375
0 0.3421875 0.88125 0.00625 0.00625
0 0.5421875 0.7046875 0.021875 0.0265625
0 0.5625 0.7203125 0.034375 0.0328125
0 0.5359375 0.7359375 0.03125 0.0328125
0 0.515625 0.484375 0.071875 0.071875
0 0.5859375 0.4796875 0.0703125 0.071875
0 0.2265625 0.6484375 0.0328125 0.0328125
0 0.4703125 0.9453125 0.0515625 0.059375
0 0.9859375 0.5609375 0.025 0.059375
0 0.6546875 0.996875 0.053125 0.0015625
0 0.4109375 0.71875 0.0609375 0.0640625
0 0.4609375 0.6859375 0.0640625 0.065625
0 0.625 0.9734375 0.01875 0.0265625
0 0.55 0.9234375 0.03125 0.0234375
0 0.6453125 0.6359375 0.03125 0.03125
0 0.490625 0.8015625 0.0234375 0.0171875
0 0.321875 0.5578125 0.0390625 0.0375
0 0.371875 0.54375 0.0390625 0.040625
0 0.2109375 0.984375 0.0375 0.028125
0 0.225 0.984375 0.05 0.0265625
0 0.2625 0.990625 0.025 0.015625