0 0.58125 0.6625 0.025 0.0234375
0 0.60625 0.65625 0.025 0.03125
0 0.75625 0.465625 0.01875 0.01875
0 0.771875 0.4625 0.03125 0.0078125
0 0.7484375 0.4953125 0.034375 0.03125
0 0.4140625 0.1109375 0.0609375 0.0625
0 0.4765625 0.0953125 0.0609375 0.065625
0 0.8984375 0.490625 0.1171875 0.109375
0 0.975 0.5265625 0.046875 0.1078125
0 0.559375 0.5890625 0.046875 0.04375
0 0.8984375 0.003125 0.0390625 0.0078125
0 0.028125 0.59375 0.0015625 0.0015625
0 0.453125 0.5234375 0.06875 0.0578125
0 0.4109375 0.4859375 0.0703125 0.0703125
0 0.4796875 0.4765625 0.075 0.0734375
0 0.4265625 0.3609375 0.0421875 0.0484375
0 0.4453125 0.3078125 0.05625 0.0453125
0 0.28125 0.5828125 0.175 0.1671875
0 0.9046875 0.7484375 0.0359375 0.0328125
0 0.8203125 0.6984375 0.03125 0.0296875
0 0.88125 0.3953125 0.03125 0.03125
0 0.7828125 0.615625 0.009375 0.0078125
0 0.5 0.3390625 0.0328125 0.034375
0 0.5265625 0.3109375 0.034375 0.0375
0 0.40625 0.6609375 0.0359375 0.040625
0 0.44375 0.671875 0.0359375 0.0296875
0 0.1546875 0.46875 0.0265625 0.0234375
0 0.146875 0.4875 0.025 0.0203125