0 0.503125 0.7984375 0.0625 0.028125
0 0.496875 0.7546875 0.0734375 0.0796875
0 0.5625 0.765625 0.065625 0.0765625
0 0.4421875 0.778125 0.0515625 0.05
0 0.4203125 0.7484375 0.078125 0.0828125
0 0.184375 0.621875 0.0921875 0.09375
0 0.2421875 0.728125 0.0171875 0.0109375
0 0.4796875 0.8078125 0.0453125 0.040625
0 0.43125 0.8015625 0.046875 0.025
0 0.253125 0.5921875 0.1015625 0.103125
0 0.1375 0.578125 0.115625 0.1046875
0 0.3546875 0.959375 0.0984375 0.078125
0 0.796875 0.8859375 0.025 0.028125
0 0.7421875 0.8875 0.0203125 0.0265625
0 0.7765625 0.875 0.0234375 0.0078125
0 0.4796875 0.4703125 0.0734375 0.075
0 0.971875 0.778125 0.0515625 0.0546875
0 0.909375 0.79375 0.0390625 0.021875
0 0.0421875 0.9234375 0.0859375 0.15
0 0.209375 0.540625 0.0046875 0.003125
0 0.678125 0.6703125 0.0453125 0.0328125