0 0.5203125 0.475 0.078125 0.0703125
0 0.5453125 0.4359375 0.078125 0.0796875
0 0.6328125 0.2578125 0.171875 0.178125
0 0.8140625 0.7859375 0.0109375 0.0125
0 0.8078125 0.809375 0.0046875 0.0015625
0 0.78125 0.8140625 0.0296875 0.0296875
0 0.809375 0.79375 0.01875 0.0296875
0 0.8203125 0.775 0.01875 0.0125
0 0.7390625 0.715625 0.0703125 0.0546875
0 0.690625 0.6671875 0.0765625 0.0640625
0 0.95 0.6296875 0.025 0.025
0 0.9625 0.646875 0.0125 0.00625
0 0.6390625 0.6484375 0.028125 0.028125
0 0.665625 0.725 0.0203125 0.028125
0 0.746875 0.7765625 0.0234375 0.0109375
0 0.753125 0.771875 0.015625 0.009375