0 0.9953125 0.6421875 0.00625 0.028125
0 0.9828125 0.6625 0.0296875 0.0375
0 0.546875 0.1015625 0.0609375 0.0640625
0 0.596875 0.0625 0.065625 0.06875
0 0.7609375 0.4125 0.15 0.1453125
0 0.9109375 0.4375 0.175 0.165625
0 0.8609375 0.5640625 0.059375 0.0484375
0 0.49375 0.60625 0.0046875 0.0015625
0 0.4671875 0.609375 0.0078125 0.01875
0 0.4578125 0.61875 0.021875 0.0171875
0 0.478125 0.6015625 0.025 0.015625
0 0.4953125 0.5921875 0.025 0.025
0 0.5890625 0.50625 0.0640625 0.034375
0 0.521875 0.4875 0.0671875 0.071875
0 0.578125 0.4671875 0.075 0.075
0 0.640625 0.340625 0.0328125 0.0515625
0 0.6375 0.2921875 0.0578125 0.0578125
0 0.021875 0.6171875 0.04375 0.1265625
0 0.840625 0.2921875 0.0390625 0.03125
0 0.8515625 0.25 0.0421875 0.0421875
0 0.7421875 0.6609375 0.0359375 0.021875
0 0.79375 0.675 0.0453125 0.0375
0 0.3453125 0.471875 0.0265625 0.025
0 0.365625 0.5421875 0.021875 0.025
0 0.45625 0.5671875 0.021875 0.025
0 0.465625 0.553125 0.0296875 0.028125
0 0.671875 0.553125 0.021875 0.0203125