0 0.5890625 0.5015625 0.071875 0.0734375
0 0.51875 0.48125 0.0765625 0.071875
0 0.5390625 0.546875 0.0671875 0.0703125
0 0.6578125 0.534375 0.0328125 0.009375
0 0.13125 0.58125 0.034375 0.0171875
0 0.1671875 0.5734375 0.034375 0.0078125
0 0.3328125 0.6578125 0.00625 0.0125
0 0.228125 0.571875 0.0609375 0.05625
0 0.6625 0.84375 0.00625 0.0078125
0 0.6640625 0.85 0.00625 0.0015625
0 0.66875 0.84375 0.0078125 0.0078125
0 0.678125 0.84375 0.00625 0.0078125
0 0.325 0.6625 0.009375 0.0125
0 0.70625 0.5109375 0.034375 0.040625
0 0.6421875 0.7078125 0.0015625 0.0046875
0 0.4421875 0.7609375 0.0421875 0.05
0 0.05 0.7984375 0.0796875 0.0765625
0 0.128125 0.81875 0.0734375 0.078125
0 0.103125 0.7984375 0.059375 0.0703125
0 0.83125 0.4125 0.0625 0.0578125
0 0.8515625 0.396875 0.0546875 0.0453125
0 0.859375 0.35625 0.0546875 0.0578125
0 0.3875 0.296875 0.0578125 0.0609375
0 0.4625 0.6796875 0.003125 0.0015625
0 0.8140625 0.6453125 0.0546875 0.0484375
0 0.115625 0.4078125 0.0078125 0.0125
0 0.3953125 0.45 0.003125 0.009375
0 0.11875 0.73125 0.00625 0.0015625
0 0.1328125 0.7234375 0.0234375 0.0078125
0 0.690625 0.8765625 0.003125 0.0046875
0 0.7 0.859375 0.0078125 0.0078125