0 0.853125 0.5 0.1125 0.1140625
0 0.6984375 0.4828125 0.0890625 0.1109375
0 0.7734375 0.4671875 0.1234375 0.121875
0 0.78125 0.5421875 0.059375 0.03125
0 0.69375 0.5171875 0.0875 0.0734375
0 0.4953125 0.46875 0.0703125 0.0734375
0 0.4390625 0.4390625 0.075 0.0796875
0 0.428125 0.471875 0.0640625 0.0484375
0 0.490625 0.7265625 0.090625 0.0921875
0 0.84375 0.8296875 0.05625 0.0859375
0 0.971875 0.8484375 0.00625 0.009375
0 0.3265625 0.4609375 0.053125 0.034375
0 0.303125 0.4234375 0.034375 0.0453125
0 0.3234375 0.434375 0.0109375 0.0171875
0 0.6328125 0.159375 0.09375 0.0984375
0 0.2859375 0.6609375 0.071875 0.075