0 0.5734375 0.9140625 0.0328125 0.0203125
0 0.5421875 0.91875 0.03125 0.0375
0 0.6046875 0.8953125 0.0265625 0.0359375
0 0.5921875 0.8765625 0.00625 0.0015625
0 0.78125 0.7015625 0.034375 0.028125
0 0.7953125 0.7171875 0.0375 0.0375
0 0.7671875 0.734375 0.0359375 0.0375
0 0.521875 0.48125 0.0734375 0.0734375
0 0.6 0.46875 0.075 0.071875
0 0.4609375 0.65625 0.028125 0.03125
0 0.6203125 0.9484375 0.0546875 0.0609375
0 0.4984375 0.7203125 0.0609375 0.0640625
0 0.5296875 0.6859375 0.0625 0.065625
0 0.821875 0.91875 0.0140625 0.009375
0 0.9 0.621875 0.0375 0.034375
0 0.7734375 0.796875 0.028125 0.025
0 0.509375 0.5640625 0.03125 0.0375
0 0.534375 0.54375 0.0140625 0.0265625
0 0.40625 0.9875 0.0234375 0.0203125
0 0.4625 0.990625 0.0203125 0.015625
0 0.0796875 0.63125 0.0296875 0.0265625
0 0.0703125 0.65 0.028125 0.025
0 0.15 0.7078125 0.0203125 0.0203125