0 0.7234375 0.5890625 0.028125 0.01875
0 0.696875 0.5828125 0.0234375 0.0296875
0 0.7515625 0.5875 0.0265625 0.0140625
0 0.7609375 0.590625 0.0078125 0.00625
0 0.984375 0.4609375 0.028125 0.0390625
0 0.965625 0.4703125 0.025 0.0234375
0 0.7546875 0.565625 0.0390625 0.0359375
0 0.7875 0.5578125 0.0296875 0.034375
0 0.765625 0.6640625 0.0078125 0.00625
0 0.3640625 0.6390625 0.03125 0.05
0 0.3328125 0.6390625 0.053125 0.0546875
0 0.384375 0.6453125 0.05625 0.0546875
0 0.4234375 0.640625 0.0421875 0.0546875
0 0.4015625 0.6203125 0.003125 0.0015625
0 0.4015625 0.565625 0.009375 0.00625
0 0.41875 0.575 0.034375 0.021875
0 0.9953125 0.31875 0.0046875 0.025
0 0.75625 0.3734375 0.0078125 0.0328125
0 0.5859375 0.4765625 0.0078125 0.0125
0 0.771875 0.3859375 0.0140625 0.003125
0 0.490625 0.4640625 0.0734375 0.0734375
0 0.51875 0.484375 0.059375 0.065625