0 0.790625 0.4734375 0.028125 0.0078125
0 0.825 0.4515625 0.0078125 0.0078125
0 0.825 0.4671875 0.0171875 0.0203125
0 0.8203125 0.4546875 0.0015625 0.0015625
0 0.9796875 0.153125 0.0359375 0.0734375
0 0.9796875 0.2359375 0.0375 0.071875
0 0.2140625 0.3234375 0.05 0.0609375
0 0.1546875 0.3140625 0.0703125 0.0703125
0 0.40625 0.403125 0.021875 0.0046875
0 0.4453125 0.39375 0.025 0.028125
0 0.6046875 0.315625 0.05625 0.0578125
0 0.58125 0.7453125 0.0015625 0.003125
0 0.5265625 0.478125 0.0765625 0.075
0 0.59375 0.503125 0.0671875 0.071875
0 0.5359375 0.51875 0.0625 0.0390625
0 0.4453125 0.6578125 0.0046875 0.0046875
0 0.4796875 0.6375 0.0171875 0.015625
0 0.790625 0.021875 0.0625 0.0453125
0 0.6890625 0.5609375 0.0015625 0.003125
0 0.3921875 0.2125 0.0015625 0.0046875
0 0.2859375 0.603125 0.025 0.0265625
0 0.3078125 0.5984375 0.028125 0.0265625