0 0.56875 0.6328125 0.025 0.0234375
0 0.5734375 0.65 0.003125 0.003125
0 0.5921875 0.6265625 0.025 0.021875
0 0.725 0.4484375 0.01875 0.003125
0 0.7234375 0.4625 0.0296875 0.0296875
0 0.7109375 0.48125 0.0234375 0.0296875
0 0.3234375 0.1984375 0.046875 0.046875
0 0.3671875 0.1828125 0.0484375 0.046875
0 0.484375 0.4546875 0.021875 0.015625
0 0.5234375 0.4734375 0.071875 0.0734375
0 0.5953125 0.4984375 0.075 0.075
0 0.490625 0.5640625 0.0375 0.0375
0 0.6359375 0.1234375 0.05625 0.059375
0 0.10625 0.578125 0.00625 0.0125
0 0.1 0.5921875 0.01875 0.025
0 0.121875 0.575 0.021875 0.021875
0 0.1375 0.565625 0.0234375 0.01875
0 0.3359375 0.509375 0.0515625 0.021875
0 0.2984375 0.4859375 0.053125 0.0515625
0 0.34375 0.478125 0.053125 0.053125
0 0.3671875 0.3875 0.040625 0.0359375
0 0.3671875 0.3484375 0.0453125 0.0421875
0 0.053125 0.540625 0.1 0.090625
0 0.8640625 0.70625 0.03125 0.0296875
0 0.796875 0.6640625 0.028125 0.028125
0 0.83125 0.384375 0.03125 0.0296875
0 0.7921875 0.5875 0.0234375 0.0234375
0 0.4828125 0.35625 0.028125 0.0296875
0 0.4953125 0.3328125 0.0265625 0.03125
0 0.3859375 0.628125 0.025 0.0109375
0 0.4171875 0.646875 0.0203125 0.015625
0 0.9515625 0.165625 0.09375 0.1125
0 0.6828125 0.0515625 0.075 0.0796875
0 0.2328125 0.48125 0.0203125 0.01875
0 0.228125 0.496875 0.01875 0.01875
0 0.0046875 0.4359375 0.0109375 0.025
0 0.0125 0.5078125 0.0265625 0.025
0 0.1140625 0.5390625 0.01875 0.025
0 0.1265625 0.528125 0.028125 0.025
0 0.2953125 0.5453125 0.0203125 0.0140625