0 0.440625 0.9125 0.034375 0.0171875
0 0.4078125 0.91875 0.03125 0.0234375
0 0.4671875 0.8921875 0.0265625 0.028125
0 0.6375 0.7046875 0.0171875 0.025
0 0.65625 0.7265625 0.025 0.021875
0 0.634375 0.7359375 0.034375 0.034375
0 0.51875 0.4828125 0.071875 0.071875
0 0.5921875 0.475 0.0734375 0.071875
0 0.33125 0.653125 0.0296875 0.0328125
0 0.5359375 0.940625 0.0484375 0.05
0 0.6578125 0.996875 0.0234375 0.0015625
0 0.4484375 0.7203125 0.0609375 0.0640625
0 0.490625 0.6859375 0.065625 0.065625
0 0.75 0.99375 0.0296875 0.009375
0 0.665625 0.921875 0.0296875 0.0328125
0 0.7515625 0.6328125 0.0328125 0.03125
0 0.6109375 0.79375 0.025 0.01875
0 0.4046875 0.5625 0.0359375 0.0375
0 0.45 0.553125 0.0375 0.0265625
0 0.3015625 0.9796875 0.0390625 0.034375
0 0.3078125 0.98125 0.0453125 0.034375
0 0.3578125 0.9875 0.025 0.021875