0 0.2796875 0.6890625 0.0171875 0.0125
0 0.253125 0.6828125 0.01875 0.015625
0 0.2015625 0.8921875 0.025 0.025
0 0.18125 0.8984375 0.01875 0.0234375
0 0.146875 0.709375 0.025 0.021875
0 0.7359375 0.875 0.0671875 0.0703125
0 0.7390625 0.909375 0.0625 0.0359375
0 0.734375 0.928125 0.059375 0.0484375
0 0.6875 0.88125 0.040625 0.0546875
0 0.6765625 0.8484375 0.0625 0.0625
0 0.253125 0.88125 0.0296875 0.0265625
0 0.2765625 0.871875 0.0234375 0.028125
0 0.253125 0.865625 0.025 0.0203125
0 0.2359375 0.765625 0.0296875 0.0296875
0 0.240625 0.7484375 0.0296875 0.021875
0 0.3359375 0.91875 0.0234375 0.0234375
0 0.0640625 0.603125 0.0359375 0.03125
0 0.0859375 0.6171875 0.009375 0.00625
0 0.13125 0.984375 0.040625 0.028125
0 0.159375 0.9765625 0.03125 0.0421875
0 0.103125 0.9765625 0.0046875 0.003125
0 0.1453125 0.8421875 0.0125 0.0203125
0 0.1734375 0.75625 0.0234375 0.021875
0 0.521875 0.4859375 0.0671875 0.075
0 0.5625 0.5046875 0.0796875 0.0828125
0 0.8375 0.615625 0.0484375 0.0453125
0 0.840625 0.7453125 0.05 0.046875
0 0.615625 0.825 0.0484375 0.0390625
0 0.5703125 0.809375 0.0390625 0.0328125
0 0.28125 0.625 0.1125 0.1171875