0 0.7375 0.9203125 0.034375 0.0203125
0 0.703125 0.925 0.0296875 0.028125
0 0.7703125 0.9046875 0.028125 0.034375
0 0.953125 0.6953125 0.0390625 0.0296875
0 0.9640625 0.7125 0.0453125 0.0421875
0 0.9359375 0.7328125 0.04375 0.040625
0 0.5234375 0.4796875 0.0734375 0.0734375
0 0.6 0.4609375 0.0765625 0.075
0 0.6046875 0.6484375 0.021875 0.0203125
0 0.7203125 0.95625 0.059375 0.0640625
0 0.1265625 0.8 0.0140625 0.0265625
0 0.115625 0.8203125 0.0265625 0.028125
0 0.1421875 0.7953125 0.03125 0.03125
0 0.1640625 0.778125 0.0265625 0.0265625
0 0.5546875 0.725 0.0609375 0.05625
0 0.5703125 0.684375 0.06875 0.0671875
0 0.98125 0.7984375 0.0328125 0.0234375
0 0.6359375 0.5484375 0.015625 0.0140625
0 0.665625 0.5421875 0.0375 0.040625
0 0.5390625 0.9765625 0.046875 0.0421875
0 0.578125 0.9921875 0.0328125 0.0109375
0 0.2734375 0.6421875 0.025 0.025
0 0.265625 0.659375 0.0234375 0.0203125
0 0.0015625 0.628125 0.003125 0.015625
0 0.0109375 0.71875 0.021875 0.0328125
0 0.1296875 0.7703125 0.0328125 0.0375
0 0.1546875 0.7609375 0.0375 0.034375
0 0.346875 0.7125 0.01875 0.0171875