0 0.7265625 0.7875 0.0359375 0.0375
0 0.690625 0.809375 0.03125 0.0171875
0 0.7578125 0.7828125 0.0390625 0.0359375
0 0.959375 0.5390625 0.025 0.025
0 0.9765625 0.5453125 0.0421875 0.0265625
0 0.940625 0.5828125 0.0390625 0.0296875
0 0.43125 0.1234375 0.0890625 0.09375
0 0.521875 0.090625 0.09375 0.0984375
0 0.584375 0.525 0.021875 0.0328125
0 0.690625 0.7671875 0.06875 0.06875
0 0.0671875 0.6828125 0.0125 0.015625
0 0.05625 0.7046875 0.0296875 0.03125
0 0.0828125 0.6796875 0.0234375 0.025
0 0.1078125 0.659375 0.021875 0.015625
0 0.490625 0.8125 0.1078125 0.0671875
0 0.4109375 0.7515625 0.1171875 0.121875
0 0.521875 0.74375 0.1265625 0.1296875
0 0.4890625 0.4734375 0.06875 0.0671875
0 0.5 0.4078125 0.0828125 0.0765625
0 0.9921875 0.6875 0.0109375 0.0171875
0 0.609375 0.39375 0.0421875 0.04375
0 0.6390625 0.3609375 0.0453125 0.046875
0 0.5109375 0.85625 0.015625 0.0078125
0 0.4984375 0.8546875 0.021875 0.0140625
0 0.5390625 0.834375 0.0296875 0.015625
0 0.240625 0.540625 0.028125 0.0265625
0 0.2328125 0.5625 0.0265625 0.021875
0 0.06875 0.64375 0.0390625 0.0390625
0 0.0921875 0.63125 0.040625 0.0359375
0 0.31875 0.6265625 0.0234375 0.009375