0 0.7015625 0.64375 0.0328125 0.0421875
0 0.6546875 0.6359375 0.034375 0.03125
0 0.39375 0.4921875 0.1296875 0.128125
0 0.5109375 0.9953125 0.0078125 0.003125
0 0.4640625 0.69375 0.0265625 0.03125
0 0.684375 0.9640625 0.040625 0.046875
0 0.7078125 0.9453125 0.0421875 0.0453125
0 0.678125 0.9296875 0.01875 0.025
0 0.6828125 0.7890625 0.05 0.0375
0 0.671875 0.753125 0.0484375 0.040625
0 0.7375 0.990625 0.0328125 0.015625
0 0.4890625 0.459375 0.015625 0.059375
0 0.4671875 0.515625 0.021875 0.009375
0 0.446875 0.878125 0.025 0.0265625
0 0.4875 0.75625 0.028125 0.0265625