0 0.8125 0.5828125 0.028125 0.0171875
0 0.784375 0.5796875 0.028125 0.025
0 0.8421875 0.5765625 0.0296875 0.025
0 0.8546875 0.571875 0.0078125 0.0265625
0 0.90625 0.5515625 0.0078125 0.0046875
0 0.83125 0.5578125 0.040625 0.040625
0 0.871875 0.546875 0.04375 0.0359375
0 0.409375 0.640625 0.03125 0.046875
0 0.375 0.6421875 0.05 0.053125
0 0.425 0.646875 0.053125 0.053125
0 0.465625 0.6421875 0.0453125 0.0546875
0 0.4421875 0.621875 0.0078125 0.0046875
0 0.465625 0.56875 0.028125 0.028125
0 0.4875 0.575 0.034375 0.028125
0 0.646875 0.4625 0.025 0.0296875
0 0.85625 0.375 0.0296875 0.0375
0 0.490625 0.465625 0.0734375 0.071875
0 0.528125 0.4828125 0.059375 0.06875