0 0.6625 0.825 0.0328125 0.0234375
0 0.6265625 0.834375 0.0328125 0.03125
0 0.6640625 0.8484375 0.0328125 0.0375
0 0.6421875 0.821875 0.0046875 0.0234375
0 0.5953125 0.834375 0.01875 0.0203125
0 0.6203125 0.6578125 0.015625 0.009375
0 0.6546875 0.671875 0.0078125 0.0109375
0 0.6734375 0.578125 0.034375 0.0328125
0 0.9390625 0.803125 0.015625 0.0125
0 0.5828125 0.6703125 0.003125 0.003125
0 0.5109375 0.684375 0.0046875 0.00625
0 0.6875 0.6796875 0.0046875 0.0046875
0 0.54375 0.8875 0.021875 0.0234375
0 0.5125 0.85 0.0234375 0.025
0 0.5890625 0.615625 0.021875 0.021875
0 0.3640625 0.7453125 0.028125 0.028125
0 0.8015625 0.534375 0.0296875 0.028125
0 0.8296875 0.5390625 0.0203125 0.028125
0 0.915625 0.8703125 0.034375 0.0328125
0 0.9515625 0.865625 0.0375 0.03125
0 0.9 0.875 0.00625 0.0171875
0 0.80625 0.303125 0.0390625 0.06875
0 0.7796875 0.3109375 0.078125 0.0796875
0 0.4890625 0.465625 0.071875 0.0734375