0 0.525 0.696875 0.0015625 0.003125
0 0.478125 0.9390625 0.0265625 0.03125
0 0.5140625 0.9453125 0.034375 0.0171875
0 0.4546875 0.9203125 0.03125 0.0203125
0 0.509375 0.7421875 0.0203125 0.028125
0 0.5390625 0.74375 0.015625 0.0125
0 0.515625 0.7578125 0.00625 0.0125
0 0.99375 0.6703125 0.0078125 0.021875
0 0.9828125 0.6671875 0.0234375 0.028125
0 0.5234375 0.675 0.0265625 0.0375
0 0.9171875 0.7078125 0.0234375 0.0234375
0 0.5359375 0.71875 0.00625 0.0046875
0 0.615625 0.715625 0.00625 0.00625
0 0.6234375 0.7171875 0.00625 0.00625
0 0.61875 0.71875 0.003125 0.0015625
0 0.609375 0.7140625 0.0046875 0.0078125
0 0.55 0.690625 0.00625 0.00625
0 0.9265625 0.9296875 0.1015625 0.096875
0 0.978125 0.959375 0.040625 0.0765625
0 0.984375 0.884375 0.0125 0.0078125
0 0.9078125 0.878125 0.0828125 0.0640625
0 0.940625 0.7625 0.03125 0.0171875
0 0.9546875 0.753125 0.034375 0.028125
0 0.48125 0.675 0.015625 0.0140625
0 0.228125 0.8140625 0.0046875 0.003125
0 0.6734375 0.61875 0.028125 0.0328125
0 0.7015625 0.6171875 0.0296875 0.0234375
0 0.76875 0.9828125 0.028125 0.0296875
0 0.815625 0.9734375 0.0203125 0.0375
0 0.9828125 0.7546875 0.0203125 0.0203125
0 0.50625 0.48125 0.05 0.0765625
0 0.4515625 0.509375 0.0828125 0.071875
0 0.1453125 0.6640625 0.0828125 0.0796875