0 0.46875 0.1125 0.134375 0.1203125
0 0.6 0.0515625 0.1484375 0.1046875
0 0.603125 0.1671875 0.1390625 0.146875
0 0.4015625 0.0328125 0.13125 0.0671875
0 0.1953125 0.2328125 0.0421875 0.040625
0 0.153125 0.2171875 0.0390625 0.0265625
0 0.15 0.415625 0.065625 0.0640625
0 0.128125 0.5203125 0.0453125 0.0453125
0 0.1546875 0.5 0.0125 0.00625
0 0.1 0.5109375 0.0359375 0.0421875
0 0.2453125 0.2953125 0.0359375 0.0453125
0 0.20625 0.290625 0.0296875 0.046875
0 0.50625 0.4765625 0.071875 0.071875
0 0.46875 0.4859375 0.040625 0.06875
0 0.43125 0.490625 0.071875 0.0734375