0 0.340625 0.5921875 0.003125 0.0046875
0 0.3171875 0.615625 0.021875 0.0171875
0 0.365625 0.6109375 0.0046875 0.0015625
0 0.3625 0.1734375 0.028125 0.04375
0 0.40625 0.171875 0.0328125 0.0453125
0 0.2625 0.4265625 0.0203125 0.0234375
0 0.6875 0.465625 0.0546875 0.0546875
0 0.7375 0.490625 0.05625 0.0546875
0 0.3859375 0.53125 0.03125 0.034375
0 0.671875 0.20625 0.0453125 0.0453125
0 0.38125 0.4671875 0.046875 0.0421875
0 0.3640625 0.4390625 0.0453125 0.046875
0 0.409375 0.4375 0.0421875 0.0484375
0 0.3234375 0.35 0.0375 0.0390625
0 0.3453125 0.3171875 0.040625 0.0390625
0 0.45625 0.4765625 0.00625 0.0109375
0 0.578125 0.68125 0.0203125 0.0234375
0 0.5234375 0.64375 0.0203125 0.0234375
0 0.5859375 0.41875 0.0234375 0.0234375
0 0.490625 0.5765625 0.0015625 0.003125
0 0.315625 0.3265625 0.025 0.0140625
0 0.24375 0.5828125 0.0171875 0.009375
0 0.26875 0.6 0.028125 0.021875
0 0.8125 0.190625 0.0515625 0.053125