0 0.5953125 0.7140625 0.0015625 0.003125
0 0.6296875 0.71875 0.0171875 0.01875
0 0.6359375 0.734375 0.0296875 0.0171875
0 0.578125 0.6953125 0.0375 0.0421875
0 0.615625 0.6953125 0.0421875 0.0453125
0 0.3515625 0.4625 0.0421875 0.04375
0 0.33125 0.4859375 0.0390625 0.0390625
0 0.3609375 0.503125 0.03125 0.040625
0 0.3484375 0.5234375 0.0109375 0.015625
0 0.7078125 0.44375 0.0296875 0.025
0 0.1828125 0.7421875 0.0203125 0.025
0 0.159375 0.75 0.0265625 0.0265625
0 0.4 0.7 0.021875 0.0296875
0 0.184375 0.546875 0.0265625 0.0140625
0 0.996875 0.6390625 0.003125 0.0109375
0 0.3515625 0.7140625 0.0265625 0.0203125
0 0.328125 0.7046875 0.0203125 0.025
0 0.4203125 0.5953125 0.0171875 0.021875
0 0.2671875 0.76875 0.0171875 0.009375
0 0.178125 0.84375 0.0609375 0.0625
0 0.3265625 0.75 0.0578125 0.059375
0 0.20625 0.334375 0.046875 0.0484375
0 0.48125 0.46875 0.0734375 0.075
0 0.5453125 0.4234375 0.021875 0.01875
0 0.4984375 0.421875 0.03125 0.0265625
0 0.58125 0.74375 0.03125 0.0328125
0 0.5609375 0.7328125 0.0203125 0.01875
0 0.546875 0.75 0.0328125 0.0328125
0 0.034375 0.7 0.0265625 0.0234375
0 0.128125 0.6 0.0265625 0.0234375
0 0.934375 0.53125 0.0265625 0.0234375
0 0.9625 0.590625 0.025 0.0234375
0 0.896875 0.61875 0.0265625 0.0203125
0 0.8703125 0.6078125 0.0296875 0.0203125