0 0.35 0.7109375 0.0421875 0.0296875
0 0.4 0.7171875 0.040625 0.0203125
0 0.3890625 0.73125 0.034375 0.01875
0 0.3515625 0.69375 0.0421875 0.0453125
0 0.396875 0.6953125 0.046875 0.0453125
0 0.1375 0.4203125 0.0515625 0.0484375
0 0.1 0.44375 0.05 0.046875
0 0.1390625 0.46875 0.0484375 0.046875
0 0.009375 0.4921875 0.0203125 0.021875
0 0.065625 0.6921875 0.0328125 0.0328125
0 0.6484375 0.6484375 0.0078125 0.0046875
0 0.634375 0.6609375 0.01875 0.021875
0 0.6140625 0.6734375 0.0234375 0.0203125
0 0.6140625 0.653125 0.0234375 0.0234375
0 0.634375 0.6390625 0.0234375 0.0234375
0 0.071875 0.5765625 0.0328125 0.0265625
0 0.0421875 0.559375 0.03125 0.0296875
0 0.00625 0.859375 0.0125 0.0578125
0 0.15625 0.7390625 0.0296875 0.0515625
0 0.0109375 0.2359375 0.0234375 0.0578125
0 0.4890625 0.465625 0.0734375 0.0609375
0 0.2828125 0.403125 0.028125 0.03125
0 0.225 0.396875 0.0296875 0.0296875
0 0.2671875 0.740625 0.025 0.0296875
0 0.24375 0.7296875 0.0296875 0.0125
0 0.2375 0.7421875 0.0296875 0.01875
0 0.7390625 0.4984375 0.028125 0.0234375
0 0.759375 0.5125 0.0203125 0.0234375
0 0.55 0.55625 0.0171875 0.0140625
0 0.56875 0.609375 0.0015625 0.003125
0 0.5296875 0.6328125 0.021875 0.0234375
0 0.5125 0.625 0.025 0.0234375
0 0.8546875 0.54375 0.028125 0.028125