0 0.9828125 0.025 0.0296875 0.05
0 0.265625 0.2203125 0.1078125 0.0953125
0 0.7171875 0.50625 0.025 0.015625
0 0.6828125 0.525 0.0234375 0.01875
0 0.659375 0.53125 0.028125 0.01875
0 0.6765625 0.50625 0.0203125 0.03125
0 0.703125 0.4890625 0.0328125 0.03125
0 0.0546875 0.034375 0.0875 0.0703125
0 0.621875 0.484375 0.040625 0.065625
0 0.5203125 0.4859375 0.0359375 0.0453125
0 0.575 0.48125 0.0765625 0.065625
0 0.8734375 0.334375 0.003125 0.0015625
0 0.875 0.3453125 0.034375 0.025
0 0.590625 0.434375 0.0078125 0.0171875