0 0.5125 0.51875 0.0109375 0.009375
0 0.5140625 0.840625 0.003125 0.0015625
0 0.371875 0.775 0.003125 0.0078125
0 0.375 0.7734375 0.00625 0.0078125
0 0.3375 0.853125 0.0015625 0.0015625
0 0.3671875 0.784375 0.0078125 0.0078125
0 0.49375 0.5015625 0.0296875 0.03125
0 0.96875 0.728125 0.0578125 0.09375
0 0.228125 0.7546875 0.003125 0.0015625
0 0.2109375 0.75 0.028125 0.01875
0 0.2265625 0.75 0.015625 0.0078125
0 0.359375 0.8359375 0.0015625 0.0015625
0 0.3609375 0.8390625 0.0046875 0.0078125
0 0.3921875 0.7953125 0.0046875 0.0015625
0 0.3328125 0.803125 0.0078125 0.0078125