0 0.0921875 0.609375 0.0265625 0.0265625
0 0.0640625 0.6046875 0.0234375 0.0234375
0 0.6296875 0.7140625 0.0484375 0.04375
0 0.6203125 0.7328125 0.0453125 0.0390625
0 0.6078125 0.75625 0.04375 0.0421875
0 0.5765625 0.7265625 0.0421875 0.0359375
0 0.578125 0.7 0.0421875 0.040625
0 0.059375 0.684375 0.03125 0.028125
0 0.0578125 0.66875 0.03125 0.01875
0 0.1078125 0.85 0.0171875 0.0171875
0 0.009375 0.8578125 0.009375 0.0109375
0 0.0203125 0.8515625 0.025 0.0078125
0 0.54375 0.4078125 0.0484375 0.0515625
0 0.590625 0.415625 0.0515625 0.04375
0 0.659375 0.553125 0.034375 0.034375
0 0.6640625 0.640625 0.0375 0.0359375
0 0.4953125 0.6984375 0.0375 0.0375
0 0.4578125 0.6859375 0.034375 0.0375
0 0.496875 0.4609375 0.0703125 0.075