0 0.7421875 0.515625 0.04375 0.0296875
0 0.8015625 0.503125 0.0515625 0.0375
0 0.7953125 0.5359375 0.0515625 0.0328125
0 0.7390625 0.484375 0.0515625 0.0515625
0 0.790625 0.4765625 0.05625 0.053125
0 0.4671875 0.2125 0.05 0.053125
0 0.4390625 0.25 0.046875 0.05
0 0.478125 0.2671875 0.0484375 0.0515625
0 0.4375 0.40625 0.0140625 0.028125
0 0.415625 0.4015625 0.028125 0.0140625
0 0.859375 0.2203125 0.046875 0.0453125
0 0.23125 0.6328125 0.028125 0.028125
0 0.203125 0.640625 0.028125 0.0296875
0 0.4875 0.559375 0.03125 0.034375
0 0.23125 0.4078125 0.0296875 0.0296875
0 0.415625 0.6046875 0.025 0.0140625
0 0.384375 0.59375 0.0140625 0.0234375
0 0.315625 0.6828125 0.0234375 0.0203125
0 0.2953125 0.5890625 0.075 0.075
0 0.48125 0.46875 0.0734375 0.0734375
0 0.296875 0.0421875 0.0546875 0.0625
0 0.7546875 0.0171875 0.0921875 0.0359375
0 0.65625 0.225 0.03125 0.0125
0 0.596875 0.234375 0.0109375 0.009375
0 0.696875 0.6 0.0375 0.0375
0 0.6671875 0.5984375 0.0203125 0.0359375
0 0.659375 0.6078125 0.034375 0.0375
0 0.0640625 0.590625 0.028125 0.0234375
0 0.165625 0.4796875 0.0296875 0.021875