0 0.7375 0.034375 0.2328125 0.0703125
0 0.934375 0.05625 0.128125 0.1125
0 0.5734375 0.2578125 0.04375 0.046875
0 0.525 0.25625 0.0453125 0.034375
0 0.31875 0.6484375 0.0390625 0.0421875
0 0.278125 0.6625 0.040625 0.0421875
0 0.5125 0.478125 0.06875 0.0734375
0 0.275 0.334375 0.0046875 0.009375
0 0.54375 0.571875 0.0421875 0.0359375
0 0.5640625 0.5875 0.0015625 0.0078125
0 0.5140625 0.5625 0.025 0.03125
0 0.621875 0.3140625 0.0515625 0.04375
0 0.5671875 0.3078125 0.0125 0.0265625
0 0.503125 0.7109375 0.021875 0.0359375
0 0.9484375 0.5 0.0984375 0.0953125
0 0.8984375 0.5171875 0.0546875 0.0953125
0 0.846875 0.5390625 0.103125 0.09375
0 0.15 0.6046875 0.0359375 0.03125
0 0.2390625 0.4453125 0.0375 0.0375