0 0.8765625 0.5140625 0.1109375 0.125
0 0.9546875 0.5 0.0875 0.140625
0 0.959375 0.578125 0.0765625 0.04375
0 0.8421875 0.534375 0.0890625 0.109375
0 0.6046875 0.6390625 0.0375 0.01875
0 0.5953125 0.4875 0.075 0.0796875
0 0.5359375 0.45625 0.0796875 0.0859375
0 0.5203125 0.484375 0.071875 0.065625
0 0.615625 0.778125 0.1015625 0.1046875
0 0.3921875 0.46875 0.040625 0.0265625
0 0.3484375 0.4359375 0.0453125 0.0484375
0 0.3875 0.453125 0.0046875 0.003125
0 0.76875 0.428125 0.003125 0.01875
0 0.775 0.1515625 0.1078125 0.109375
0 0.3640625 0.69375 0.0765625 0.08125