0 0.9796875 0.559375 0.0375 0.025
0 0.953125 0.5609375 0.03125 0.025
0 0.971875 0.53125 0.0484375 0.046875
0 0.4703125 0.6234375 0.0171875 0.0125
0 0.4078125 0.6453125 0.046875 0.0578125
0 0.45625 0.6484375 0.05625 0.0546875
0 0.5046875 0.64375 0.05 0.0578125
0 0.5171875 0.6171875 0.01875 0.0078125
0 0.9875 0.4296875 0.0046875 0.00625
0 0.5703125 0.559375 0.01875 0.0359375
0 0.5796875 0.5890625 0.003125 0.0015625
0 0.9703125 0.2984375 0.0390625 0.040625
0 0.746875 0.4421875 0.0375 0.0234375
0 0.4265625 0.4515625 0.0796875 0.0796875
0 0.4890625 0.4671875 0.06875 0.0765625