0 0.2375 0.58125 0.021875 0.0234375
0 0.2609375 0.578125 0.0296875 0.028125
0 0.2953125 0.571875 0.021875 0.021875
0 0.6640625 0.5265625 0.0140625 0.015625
0 0.625 0.5625 0.0234375 0.0234375
0 0.4171875 0.45625 0.06875 0.0703125
0 0.484375 0.4671875 0.0734375 0.075
0 0.08125 0.425 0.0546875 0.053125
0 0.1203125 0.4453125 0.0515625 0.053125
0 0.021875 0.575 0.028125 0.0390625
0 0.4578125 0.5234375 0.0390625 0.04375
0 0.0484375 0.559375 0.040625 0.0375
0 0.4453125 0.546875 0.009375 0.0125
0 0.34375 0.69375 0.03125 0.0359375
0 0.5890625 0.69375 0.0484375 0.05625
0 0.5765625 0.7203125 0.003125 0.0015625
0 0.528125 0.7015625 0.03125 0.0484375
0 0.5828125 0.378125 0.0359375 0.040625
0 0.3 0.4640625 0.03125 0.0296875
0 0.1421875 0.2328125 0.053125 0.05
0 0.1140625 0.3640625 0.015625 0.0109375