0 0.7875 0.8171875 0.0625 0.0703125
0 0.8703125 0.7765625 0.0265625 0.0203125
0 0.846875 0.8078125 0.0703125 0.075
0 0.9015625 0.7984375 0.046875 0.0484375
0 0.29375 0.6828125 0.13125 0.1375
0 0.4078125 0.7046875 0.1203125 0.134375
0 0.3984375 0.8703125 0.0484375 0.071875
0 0.00625 0.83125 0.009375 0.00625
0 0.41875 0.8609375 0.0828125 0.0875
0 0.88125 0.55625 0.0640625 0.0609375
0 0.365625 0.1890625 0.125 0.103125
0 0.48125 0.4671875 0.015625 0.009375
0 0.0 0.8109375 0.0015625 0.00625
0 0.0015625 0.8125 0.0015625 0.003125