0 0.1046875 0.8234375 0.009375 0.009375
0 0.115625 0.8265625 0.0046875 0.0015625
0 0.103125 0.8296875 0.0078125 0.003125
0 0.1140625 0.821875 0.0109375 0.009375
0 0.125 0.821875 0.009375 0.009375
0 0.128125 0.765625 0.009375 0.00625
0 0.1171875 0.7703125 0.009375 0.009375
0 0.11875 0.7765625 0.009375 0.00625
0 0.1046875 0.7484375 0.009375 0.0078125
0 0.003125 0.821875 0.0078125 0.009375
0 0.4640625 0.4953125 0.0359375 0.040625
0 0.4953125 0.475 0.06875 0.06875
0 0.5703125 0.453125 0.0609375 0.040625
0 0.9265625 0.403125 0.0015625 0.003125
0 0.134375 0.19375 0.1 0.1015625
0 0.2453125 0.196875 0.096875 0.0984375
0 0.0359375 0.7875 0.0015625 0.003125
0 0.0265625 0.7921875 0.0046875 0.00625
0 0.0171875 0.7953125 0.009375 0.0078125
0 0.0234375 0.7890625 0.009375 0.009375
0 0.0328125 0.7828125 0.009375 0.0078125
0 0.159375 0.8578125 0.0078125 0.009375
0 0.1671875 0.8375 0.009375 0.0078125
0 0.1484375 0.740625 0.009375 0.009375
0 0.221875 0.7953125 0.0078125 0.009375
0 0.0625 0.7296875 0.009375 0.009375
0 0.0515625 0.7265625 0.0109375 0.0078125
0 0.028125 0.83125 0.009375 0.0078125
0 0.0140625 0.8296875 0.0078125 0.0078125
0 0.025 0.8359375 0.0078125 0.009375
0 0.084375 0.7390625 0.00625 0.00625
0 0.003125 0.7859375 0.00625 0.003125
0 0.003125 0.7796875 0.0078125 0.009375
0 0.1203125 0.759375 0.0046875 0.00625