0 0.04375 0.8671875 0.0234375 0.0234375
0 0.0171875 0.8625 0.003125 0.0015625
0 0.0015625 0.8828125 0.0046875 0.0078125
0 0.071875 0.865625 0.0328125 0.0359375
0 0.2765625 0.6640625 0.03125 0.0140625
0 0.2859375 0.684375 0.0328125 0.0359375
0 0.2609375 0.7015625 0.0265625 0.0328125
0 0.0234375 0.3875 0.046875 0.0765625
0 0.028125 0.8984375 0.0578125 0.0609375
0 0.4765625 0.478125 0.075 0.075
0 0.378125 0.9390625 0.0203125 0.00625
0 0.296875 0.89375 0.021875 0.03125
0 0.396875 0.5984375 0.03125 0.025
0 0.2828125 0.7703125 0.0203125 0.0234375
0 0.0296875 0.49375 0.0453125 0.0421875
0 0.7140625 0.5609375 0.0984375 0.0984375