0 0.353125 0.4609375 0.00625 0.0328125
0 0.8125 0.3328125 0.053125 0.04375
0 0.809375 0.2953125 0.05625 0.053125
0 0.771875 0.3515625 0.0546875 0.05
0 0.1625 0.0859375 0.1 0.0890625
0 0.18125 0.0484375 0.1078125 0.096875
0 0.5640625 0.3859375 0.0203125 0.0203125
0 0.1171875 0.284375 0.0046875 0.003125
0 0.1171875 0.4546875 0.04375 0.0234375
0 0.475 0.3015625 0.0265625 0.021875
0 0.134375 0.425 0.009375 0.0359375
0 0.6171875 0.3796875 0.01875 0.0234375
0 0.428125 0.5515625 0.0234375 0.0265625
0 0.5625 0.4390625 0.078125 0.0796875
0 0.58125 0.4890625 0.0734375 0.0578125
0 0.5046875 0.4671875 0.046875 0.06875
0 0.78125 0.315625 0.0046875 0.0015625
0 0.784375 0.3140625 0.00625 0.0046875
0 0.6828125 0.115625 0.0015625 0.0015625
0 0.0890625 0.0265625 0.0546875 0.053125