0 0.371875 0.5140625 0.0546875 0.0609375
0 0.45625 0.51875 0.0671875 0.053125
0 0.4203125 0.546875 0.0609375 0.0671875
0 0.3921875 0.48125 0.071875 0.0703125
0 0.46875 0.484375 0.0734375 0.071875
0 0.0078125 0.0109375 0.0171875 0.021875
0 0.05625 0.0390625 0.0921875 0.0796875
0 0.6390625 0.553125 0.0109375 0.021875
0 0.625 0.5671875 0.01875 0.0265625
0 0.590625 0.584375 0.0171875 0.0234375
0 0.6 0.55625 0.0296875 0.028125
0 0.6265625 0.5390625 0.0296875 0.0296875
0 0.20625 0.3671875 0.1609375 0.15625
0 0.240625 0.1421875 0.015625 0.0140625
0 0.146875 0.1046875 0.053125 0.0546875
0 0.1984375 0.6171875 0.05 0.05
0 0.1703125 0.6015625 0.0046875 0.0078125
0 0.1453125 0.625 0.0515625 0.0453125
0 0.759375 0.36875 0.0140625 0.0296875
0 0.7890625 0.3875 0.03125 0.0296875
0 0.50625 0.45625 0.0234375 0.0140625
0 0.5234375 0.525 0.009375 0.0046875
0 0.5 0.53125 0.028125 0.03125
0 0.490625 0.5234375 0.009375 0.015625
0 0.921875 0.4125 0.0375 0.0359375