0 0.821875 0.6046875 0.0015625 0.0078125
0 0.759375 0.5875 0.0125 0.0015625
0 0.4859375 0.471875 0.0703125 0.0765625
0 0.4140625 0.4640625 0.0734375 0.071875
0 0.4703125 0.5265625 0.0703125 0.065625
0 0.1015625 0.6078125 0.0140625 0.0046875
0 0.0453125 0.6484375 0.0265625 0.0328125
0 0.7765625 0.4875 0.021875 0.0421875
0 0.4109375 0.590625 0.025 0.01875
0 0.3421875 0.5796875 0.053125 0.0484375
0 0.85625 0.4484375 0.009375 0.0046875
0 0.821875 0.440625 0.0578125 0.028125
0 0.853125 0.6796875 0.053125 0.0515625
0 0.6125 0.725 0.0046875 0.0015625
0 0.159375 0.775 0.05625 0.053125
0 0.2140625 0.7875 0.059375 0.0609375
0 0.23125 0.76875 0.0390625 0.0453125
0 0.8546875 0.309375 0.075 0.0703125
0 0.90625 0.2796875 0.071875 0.071875
0 0.8734375 0.23125 0.078125 0.078125
0 0.3859375 0.30625 0.0515625 0.0515625
0 0.7921875 0.4390625 0.003125 0.0109375
0 0.8359375 0.6484375 0.0015625 0.0015625
0 0.95 0.5921875 0.071875 0.0640625
0 0.6859375 0.5765625 0.0015625 0.0015625