0 0.7390625 0.840625 0.0515625 0.0625
0 0.821875 0.85 0.04375 0.0515625
0 0.775 0.878125 0.053125 0.0265625
0 0.78125 0.8328125 0.065625 0.0671875
0 0.8515625 0.840625 0.0671875 0.06875
0 0.584375 0.4390625 0.078125 0.0765625
0 0.5109375 0.4703125 0.075 0.075
0 0.5578125 0.509375 0.071875 0.075
0 0.0765625 0.503125 0.0421875 0.0390625
0 0.0453125 0.4859375 0.046875 0.0390625
0 0.7765625 0.4875 0.046875 0.046875
0 0.2359375 0.796875 0.05 0.053125
0 0.809375 0.7203125 0.009375 0.00625
0 0.7828125 0.7234375 0.0171875 0.0203125
0 0.759375 0.7359375 0.028125 0.025
0 0.765625 0.7125 0.028125 0.0265625
0 0.7828125 0.703125 0.009375 0.0125
0 0.015625 0.796875 0.0328125 0.0453125
0 0.0109375 0.7703125 0.0234375 0.015625
0 0.1875 0.6203125 0.04375 0.0421875
0 0.1421875 0.5984375 0.040625 0.040625
0 0.959375 0.9890625 0.078125 0.0171875
0 0.4953125 0.1203125 0.09375 0.1046875
0 0.521875 0.4078125 0.0390625 0.04375
0 0.4515625 0.39375 0.0453125 0.0453125
0 0.496875 0.859375 0.0390625 0.0421875
0 0.465625 0.834375 0.0015625 0.0015625
0 0.4703125 0.8640625 0.01875 0.015625
0 0.9234375 0.540625 0.01875 0.0140625
0 0.9515625 0.5609375 0.0265625 0.009375
0 0.65 0.5953125 0.0171875 0.0234375
0 0.68125 0.659375 0.0234375 0.025
0 0.671875 0.6890625 0.028125 0.0296875
0 0.65625 0.6796875 0.0296875 0.028125