0 0.4796875 0.8078125 0.00625 0.003125
0 0.4984375 0.7984375 0.01875 0.03125
0 0.9640625 0.8 0.028125 0.0484375
0 0.9828125 0.7734375 0.03125 0.0140625
0 0.959375 0.834375 0.025 0.0203125
0 0.628125 0.75 0.025 0.0296875
0 0.4296875 0.7546875 0.0765625 0.08125
0 0.4625 0.765625 0.059375 0.0765625
0 0.2265625 0.875 0.053125 0.0640625
0 0.8640625 0.840625 0.065625 0.059375
0 0.275 0.8625 0.0625 0.0640625
0 0.60625 0.7390625 0.0203125 0.040625
0 0.6453125 0.725 0.00625 0.00625
0 0.6109375 0.9859375 0.0046875 0.0015625
0 0.50625 0.465625 0.0703125 0.0625
0 0.31875 0.5421875 0.0125 0.046875
0 0.328125 0.571875 0.0234375 0.015625