0 0.471875 0.8 0.0046875 0.00625
0 0.48125 0.7546875 0.0625 0.0796875
0 0.51875 0.765625 0.0578125 0.0765625
0 0.3828125 0.79375 0.03125 0.0203125
0 0.41875 0.7484375 0.0609375 0.0828125
0 0.296875 0.615625 0.1078125 0.0828125
0 0.0125 0.684375 0.0015625 0.003125
0 0.24375 0.771875 0.025 0.0203125
0 0.40625 0.578125 0.103125 0.1109375
0 0.3109375 0.5546875 0.11875 0.11875
0 0.49375 0.971875 0.0171875 0.053125
0 0.4796875 0.884375 0.00625 0.028125
0 0.4953125 0.875 0.0203125 0.021875
0 0.028125 0.215625 0.0578125 0.19375
0 0.1390625 0.1171875 0.2171875 0.2171875
0 0.0203125 0.03125 0.0421875 0.0640625
0 0.5 0.4671875 0.034375 0.0734375
0 0.721875 0.775 0.04375 0.0453125
0 0.6703125 0.8015625 0.034375 0.0453125
0 0.40625 0.9296875 0.171875 0.1375
0 0.315625 0.453125 0.0265625 0.0046875
0 0.48125 0.6703125 0.0359375 0.0265625
0 0.3515625 0.828125 0.0109375 0.0078125