0 0.41875 0.434375 0.0734375 0.0640625
0 0.515625 0.4359375 0.06875 0.0484375
0 0.4828125 0.4859375 0.06875 0.046875
0 0.428125 0.3875 0.0828125 0.0828125
0 0.5125 0.3828125 0.0859375 0.0828125
0 0.5703125 0.09375 0.028125 0.053125
0 0.7875 0.5125 0.028125 0.0234375
0 0.7671875 0.5234375 0.021875 0.0265625
0 0.7234375 0.534375 0.0109375 0.003125
0 0.734375 0.51875 0.0265625 0.0265625
0 0.765625 0.4953125 0.0234375 0.0296875
0 0.00625 0.3515625 0.0125 0.0328125
0 0.05625 0.1140625 0.1140625 0.2171875
0 0.28125 0.05625 0.0359375 0.0453125
0 0.2015625 0.04375 0.0515625 0.05625
0 0.2765625 0.5734375 0.0515625 0.053125
0 0.2359375 0.5703125 0.0296875 0.05
0 0.221875 0.578125 0.053125 0.0546875
0 0.9125 0.29375 0.0390625 0.0359375
0 0.94375 0.3140625 0.0375 0.0375
0 0.634375 0.425 0.021875 0.009375
0 0.6671875 0.478125 0.0140625 0.01875
0 0.61875 0.4890625 0.0328125 0.0234375
0 0.6 0.4765625 0.028125 0.03125