0 0.53125 0.7546875 0.0171875 0.021875
0 0.55 0.73125 0.0375 0.040625
0 0.578125 0.7375 0.028125 0.046875
0 0.4984375 0.7515625 0.0125 0.009375
0 0.515625 0.725 0.040625 0.046875
0 0.0359375 0.696875 0.0734375 0.0765625
0 0.0046875 0.66875 0.0109375 0.015625
0 0.04375 0.7421875 0.0796875 0.0640625
0 0.4734375 0.65 0.0546875 0.05
0 0.3890625 0.7484375 0.00625 0.0078125
0 0.53125 0.6328125 0.05 0.05625
0 0.490625 0.6234375 0.05625 0.0578125
0 0.553125 0.8515625 0.05 0.0453125
0 0.4078125 0.521875 0.0765625 0.071875
0 0.4734375 0.4828125 0.075 0.0734375
0 0.4140625 0.446875 0.075 0.078125
0 0.0484375 0.484375 0.0578125 0.05625
0 0.5515625 0.5515625 0.0171875 0.034375
0 0.7046875 0.753125 0.0296875 0.034375
0 0.6671875 0.7703125 0.025 0.028125
0 0.559375 0.796875 0.0671875 0.0734375
0 0.5296875 0.6734375 0.0234375 0.0125