0 0.5765625 0.4359375 0.053125 0.04375
0 0.5734375 0.3890625 0.0578125 0.0578125
0 0.6203125 0.409375 0.0578125 0.059375
0 0.5265625 0.4125 0.0546875 0.028125
0 0.5140625 0.38125 0.0609375 0.0625
0 0.365625 0.221875 0.0515625 0.06875
0 0.5515625 0.540625 0.015625 0.03125
0 0.053125 0.459375 0.0234375 0.0234375
0 0.4921875 0.5265625 0.0171875 0.034375
0 0.4140625 0.1828125 0.071875 0.0796875
0 0.3390625 0.1546875 0.0703125 0.06875
0 0.4875 0.4671875 0.071875 0.075
0 0.30625 0.5953125 0.0375 0.0546875
0 0.803125 0.6796875 0.0234375 0.021875
0 0.8046875 0.690625 0.0171875 0.0125
0 0.771875 0.69375 0.0125 0.015625
0 0.7640625 0.6875 0.025 0.015625
0 0.7875 0.675 0.0265625 0.0234375
0 0.559375 0.1703125 0.05625 0.0609375
0 0.95625 0.5140625 0.0453125 0.0421875
0 0.90625 0.54375 0.0421875 0.0390625
0 0.3015625 0.271875 0.096875 0.1015625
0 0.2859375 0.35625 0.003125 0.0015625
0 0.515625 0.2640625 0.025 0.028125
0 0.7046875 0.446875 0.028125 0.0296875
0 0.496875 0.3078125 0.0015625 0.003125