0 0.884375 0.49375 0.0296875 0.03125
0 0.875 0.509375 0.0109375 0.003125
0 0.8484375 0.4953125 0.01875 0.0296875
0 0.9125 0.4921875 0.0328125 0.028125
0 0.9109375 0.50625 0.0234375 0.00625
0 0.9546875 0.4734375 0.028125 0.009375
0 0.9515625 0.4453125 0.0234375 0.04375
0 0.9125 0.590625 0.0328125 0.015625
0 0.5484375 0.48125 0.04375 0.0703125
0 0.51875 0.471875 0.0703125 0.0734375
0 0.5921875 0.478125 0.075 0.0765625
0 0.634375 0.4828125 0.053125 0.0703125
0 0.590625 0.5140625 0.0421875 0.0078125
0 0.5515625 0.4453125 0.003125 0.0015625
0 0.9296875 0.228125 0.0328125 0.0421875
0 0.7546875 0.321875 0.04375 0.040625
0 0.9765625 0.25625 0.0421875 0.025
0 0.8609375 0.11875 0.1203125 0.121875
0 0.8578125 0.19375 0.1046875 0.075