0 0.3125 0.828125 0.04375 0.0375
0 0.3375 0.825 0.003125 0.0078125
0 0.2890625 0.83125 0.00625 0.0125
0 0.3484375 0.8234375 0.025 0.0171875
0 0.8125 0.78125 0.01875 0.0125
0 0.8546875 0.7828125 0.04375 0.021875
0 0.8203125 0.8265625 0.028125 0.015625
0 0.51875 0.753125 0.0203125 0.0265625
0 0.421875 0.7546875 0.0796875 0.08125
0 0.4390625 0.771875 0.0609375 0.0640625
0 0.14375 0.884375 0.0625 0.0703125
0 0.778125 0.83125 0.0609375 0.0609375
0 0.2015625 0.86875 0.0671875 0.0671875
0 0.4921875 0.7390625 0.01875 0.034375
0 0.5421875 0.7296875 0.0046875 0.003125
0 0.66875 0.7171875 0.0015625 0.0015625
0 0.3578125 0.6453125 0.0125 0.015625
0 0.553125 0.8453125 0.021875 0.01875
0 0.5046875 0.465625 0.0703125 0.0640625
0 0.2765625 0.5625 0.046875 0.028125