0 0.31875 0.9390625 0.028125 0.028125
0 0.234375 0.95 0.1453125 0.096875
0 0.375 0.9578125 0.13125 0.0796875
0 0.2078125 0.915625 0.046875 0.03125
0 0.1140625 0.9421875 0.140625 0.1125
0 0.29375 0.796875 0.0015625 0.0046875
0 0.5859375 0.9390625 0.0734375 0.075
0 0.51875 0.9140625 0.065625 0.0625
0 0.1875 0.4703125 0.13125 0.1296875
0 0.290625 0.5734375 0.0109375 0.028125
0 0.4984375 0.4625 0.05 0.0203125
0 0.9203125 0.746875 0.08125 0.0796875
0 0.4796875 0.55625 0.0453125 0.0421875
0 0.9859375 0.928125 0.0234375 0.034375