0 0.5453125 0.4453125 0.0703125 0.06875
0 0.521875 0.4046875 0.0734375 0.075
0 0.4828125 0.475 0.0734375 0.0734375
0 0.321875 0.484375 0.0484375 0.040625
0 0.01875 0.403125 0.0375 0.084375
0 0.34375 0.4921875 0.0296875 0.0265625
0 0.365625 0.4859375 0.025 0.0171875
0 0.2765625 0.665625 0.0296875 0.040625
0 0.059375 0.690625 0.040625 0.025
0 0.0328125 0.7640625 0.0671875 0.1203125
0 0.5703125 0.4140625 0.0203125 0.0453125
0 0.6046875 0.3796875 0.0234375 0.021875
0 0.325 0.1328125 0.075 0.071875
0 0.175 0.396875 0.028125 0.0421875
0 0.4609375 0.6109375 0.0453125 0.0421875