0 0.259375 0.621875 0.015625 0.01875
0 0.2203125 0.640625 0.021875 0.0171875
0 0.2703125 0.6203125 0.0078125 0.01875
0 0.4203125 0.46875 0.0046875 0.0109375
0 0.4375 0.478125 0.028125 0.0171875
0 0.415625 0.490625 0.0265625 0.028125
0 0.1671875 0.121875 0.0546875 0.053125
0 0.225 0.1203125 0.0546875 0.05625
0 0.171875 0.4203125 0.0140625 0.0109375
0 0.51875 0.478125 0.071875 0.071875
0 0.5875 0.509375 0.071875 0.071875
0 0.25625 0.5515625 0.03125 0.0359375
0 0.55 0.15 0.0453125 0.0296875
0 0.190625 0.4796875 0.034375 0.0515625
0 0.146875 0.440625 0.0609375 0.05
0 0.2078125 0.44375 0.0625 0.0609375
0 0.1546875 0.3390625 0.046875 0.04375
0 0.175 0.2984375 0.05 0.046875
0 0.1296875 0.4890625 0.0921875 0.1109375
0 0.5234375 0.7125 0.0265625 0.028125
0 0.465625 0.671875 0.01875 0.0171875
0 0.53125 0.4171875 0.025 0.0265625
0 0.44375 0.5984375 0.021875 0.01875
0 0.20625 0.325 0.0296875 0.0328125
0 0.2359375 0.303125 0.0328125 0.0328125
0 0.0890625 0.6375 0.0171875 0.009375
0 0.090625 0.6171875 0.0203125 0.03125
0 0.121875 0.628125 0.0125 0.028125
0 0.978125 0.2984375 0.0390625 0.084375
0 0.6921875 0.1203125 0.0609375 0.06875