0 0.93125 0.4703125 0.040625 0.034375
0 0.93125 0.4859375 0.028125 0.0046875
0 0.9 0.4734375 0.0296875 0.034375
0 0.9671875 0.4640625 0.034375 0.0375
0 0.9671875 0.484375 0.0109375 0.003125
0 0.9765625 0.4125 0.0421875 0.0484375
0 0.9875 0.571875 0.0203125 0.01875
0 0.4578125 0.496875 0.0375 0.0234375
0 0.4171875 0.4671875 0.065625 0.0703125
0 0.484375 0.4703125 0.071875 0.075
0 0.5390625 0.4734375 0.0546875 0.06875
0 0.5640625 0.4546875 0.0125 0.015625
0 0.959375 0.1859375 0.0421875 0.0453125
0 0.7375 0.2984375 0.034375 0.05
0 0.9890625 0.2015625 0.0171875 0.0453125
0 0.5953125 0.1 0.1140625 0.1203125
0 0.6390625 0.1609375 0.1 0.1