0 0.89375 0.6390625 0.06875 0.0625
0 0.6578125 0.83125 0.0296875 0.028125
0 0.6359375 0.840625 0.015625 0.0328125
0 0.6015625 0.8609375 0.03125 0.034375
0 0.6171875 0.8375 0.03125 0.0328125
0 0.6453125 0.81875 0.028125 0.0359375
0 0.5921875 0.49375 0.065625 0.06875
0 0.5015625 0.4625 0.0703125 0.075
0 0.8015625 0.640625 0.0296875 0.0046875
0 0.8234375 0.6828125 0.0109375 0.003125
0 0.46875 0.678125 0.03125 0.0296875
0 0.5 0.759375 0.03125 0.0296875
0 0.5234375 0.815625 0.034375 0.0359375
0 0.5140625 0.8046875 0.0359375 0.0359375
0 0.9671875 0.7296875 0.0375 0.0359375