0 0.5890625 0.5375 0.0609375 0.0421875
0 0.5875 0.4859375 0.06875 0.0703125
0 0.64375 0.50625 0.06875 0.0703125
0 0.53125 0.5140625 0.065625 0.0421875
0 0.515625 0.4765625 0.0734375 0.0765625
0 0.3328125 0.3 0.0625 0.0828125
0 0.321875 0.5484375 0.003125 0.0046875
0 0.3890625 0.253125 0.0921875 0.0984375
0 0.2875 0.2265625 0.103125 0.096875
0 0.4828125 0.6140625 0.0921875 0.09375
0 0.2625 0.74375 0.059375 0.04375
0 0.81875 0.7328125 0.009375 0.00625
0 0.56875 0.221875 0.0703125 0.0734375
0 0.99375 0.5953125 0.0078125 0.034375
0 0.959375 0.6296875 0.0453125 0.046875
0 0.2234375 0.409375 0.1375 0.1375
0 0.51875 0.3171875 0.0265625 0.0375
0 0.734375 0.509375 0.028125 0.0125
0 0.6640625 0.6921875 0.0015625 0.003125