0 0.5359375 0.4703125 0.0359375 0.075
0 0.4984375 0.4703125 0.08125 0.0859375
0 0.659375 0.6265625 0.0109375 0.00625
0 0.8859375 0.503125 0.0015625 0.003125
0 0.5515625 0.790625 0.0015625 0.0015625
0 0.5421875 0.7921875 0.0015625 0.003125
0 0.640625 0.5890625 0.021875 0.0203125
0 0.953125 0.7015625 0.0890625 0.084375
0 0.9828125 0.74375 0.0296875 0.04375
0 0.909375 0.709375 0.059375 0.0796875
0 0.459375 0.715625 0.0015625 0.0015625
0 0.421875 0.7359375 0.0109375 0.00625
0 0.440625 0.73125 0.0234375 0.0296875
0 0.4734375 0.721875 0.0234375 0.0234375
0 0.95625 0.4328125 0.03125 0.0109375
0 0.2625 0.678125 0.028125 0.03125
0 0.290625 0.675 0.03125 0.0296875
0 0.415625 0.834375 0.0046875 0.00625
0 0.409375 0.8328125 0.00625 0.003125