0 0.4828125 0.465625 0.0734375 0.0796875
0 0.378125 0.45625 0.04375 0.0765625
0 0.4125 0.440625 0.0859375 0.0828125
0 0.484375 0.50625 0.03125 0.0140625
0 0.3046875 0.4515625 0.0578125 0.059375
0 0.709375 0.5828125 0.003125 0.0015625
0 0.253125 0.4265625 0.059375 0.0609375
0 0.2546875 0.4609375 0.046875 0.0265625
0 0.2625 0.6421875 0.0703125 0.0703125
0 0.5734375 0.7296875 0.046875 0.065625
0 0.6890625 0.7796875 0.009375 0.01875
0 0.1984375 0.4484375 0.0453125 0.028125
0 0.171875 0.425 0.0390625 0.0234375
0 0.1875 0.4265625 0.021875 0.040625
0 0.51875 0.4140625 0.0078125 0.009375
0 0.36875 0.2140625 0.06875 0.0734375
0 0.140625 0.6046875 0.059375 0.059375
0 0.8109375 0.06875 0.0796875 0.08125
0 0.8390625 0.1453125 0.0296875 0.071875