0 0.3390625 0.66875 0.0203125 0.0140625
0 0.56875 0.4671875 0.021875 0.01875
0 0.584375 0.4734375 0.0328125 0.0265625
0 0.55625 0.4921875 0.0234375 0.028125
0 0.421875 0.034375 0.0640625 0.06875
0 0.4890625 0.034375 0.065625 0.0703125
0 0.2765625 0.421875 0.0125 0.028125
0 0.4484375 0.5640625 0.0484375 0.0484375
0 0.9046875 0.08125 0.0734375 0.0703125
0 0.4703125 0.4796875 0.0765625 0.0671875
0 0.45 0.4359375 0.075 0.0765625
0 0.5265625 0.4359375 0.078125 0.078125
0 0.365625 0.3078125 0.05625 0.0578125
0 0.4 0.2578125 0.0578125 0.0578125
0 0.865625 0.5 0.1921875 0.1828125
0 0.6703125 0.7375 0.0140625 0.0265625
0 0.5875 0.6796875 0.0078125 0.003125
0 0.6734375 0.4125 0.028125 0.0296875
0 0.5515625 0.6109375 0.0109375 0.0125
0 0.3359375 0.3 0.0234375 0.0359375
0 0.3796875 0.2765625 0.0328125 0.0328125
0 0.2296875 0.6234375 0.0203125 0.01875
0 0.271875 0.653125 0.0140625 0.034375