0 0.85625 0.0703125 0.053125 0.0546875
0 0.8890625 0.0265625 0.05625 0.0546875
0 0.8984375 0.2703125 0.084375 0.0953125
0 0.9609375 0.259375 0.0734375 0.10625
0 0.9125 0.5515625 0.015625 0.015625
0 0.921875 0.528125 0.0109375 0.0140625
0 0.94375 0.515625 0.0109375 0.009375
0 0.9171875 0.390625 0.053125 0.0484375
0 0.84375 0.375 0.034375 0.04375
0 0.890625 0.3515625 0.0640625 0.053125
0 0.96875 0.2 0.0546875 0.0453125
0 0.4796875 0.475 0.0734375 0.075
0 0.78125 0.4234375 0.0203125 0.009375
0 0.8890625 0.5 0.01875 0.015625
0 0.9 0.484375 0.009375 0.025