0 0.4109375 0.4390625 0.0640625 0.059375
0 0.5078125 0.4328125 0.071875 0.0546875
0 0.4828125 0.4859375 0.06875 0.046875
0 0.4203125 0.390625 0.08125 0.08125
0 0.5015625 0.3828125 0.084375 0.084375
0 0.578125 0.090625 0.0515625 0.053125
0 0.009375 0.490625 0.01875 0.05
0 0.83125 0.5078125 0.0265625 0.0296875
0 0.803125 0.521875 0.034375 0.0296875
0 0.7734375 0.5421875 0.0328125 0.028125
0 0.7734375 0.5125 0.0328125 0.0328125
0 0.80625 0.4890625 0.034375 0.0328125
0 0.0203125 0.3640625 0.0359375 0.0375
0 0.003125 0.346875 0.00625 0.0296875
0 0.0109375 0.1546875 0.021875 0.1265625
0 0.3140625 0.0671875 0.0296875 0.05
0 0.21875 0.0578125 0.05 0.05625
0 0.3015625 0.5765625 0.053125 0.053125
0 0.2625 0.5734375 0.028125 0.05
0 0.246875 0.58125 0.053125 0.0546875
0 0.9546875 0.2796875 0.0421875 0.0359375
0 0.9828125 0.3 0.0296875 0.0375
0 0.675 0.4125 0.01875 0.0265625
0 0.7109375 0.4765625 0.0125 0.021875
0 0.65625 0.4875 0.0296875 0.0328125
0 0.634375 0.4734375 0.0328125 0.0328125