0 0.4703125 0.515625 0.0640625 0.06875
0 0.55625 0.5234375 0.0609375 0.0671875
0 0.49375 0.5625 0.0640625 0.0484375
0 0.5234375 0.4890625 0.071875 0.0703125
0 0.596875 0.5 0.0734375 0.0703125
0 0.3484375 0.00625 0.0640625 0.0140625
0 0.50625 0.2125 0.0484375 0.053125
0 0.459375 0.565625 0.015625 0.0203125
0 0.434375 0.56875 0.009375 0.01875
0 0.4046875 0.5890625 0.0265625 0.025
0 0.4171875 0.5640625 0.028125 0.028125
0 0.44375 0.5515625 0.025 0.01875
0 0.8140625 0.5734375 0.2359375 0.23125
0 0.2328125 0.0625 0.0546875 0.0609375
0 0.140625 0.0234375 0.0609375 0.046875
0 0.1390625 0.5953125 0.0453125 0.0203125
0 0.065625 0.5875 0.0515625 0.04375
0 0.0828125 0.60625 0.0640625 0.059375
0 0.590625 0.3984375 0.015625 0.0140625
0 0.3015625 0.446875 0.0234375 0.0265625
0 0.334375 0.5140625 0.0140625 0.021875
0 0.321875 0.525 0.03125 0.0296875
0 0.3046875 0.5109375 0.021875 0.03125
0 0.7234375 0.4625 0.0296875 0.028125