0 0.628125 0.2109375 0.0453125 0.04375
0 0.6484375 0.178125 0.046875 0.046875
0 0.5015625 0.46875 0.05 0.075
0 0.5375 0.4765625 0.0703125 0.0828125
0 0.9546875 0.5171875 0.0375 0.046875
0 0.7265625 0.015625 0.065625 0.03125
0 0.8125 0.590625 0.0046875 0.0046875
0 0.80625 0.59375 0.0046875 0.0078125
0 0.778125 0.6015625 0.0140625 0.021875
0 0.8046875 0.58125 0.0078125 0.021875
0 0.815625 0.56875 0.0203125 0.0203125
0 0.65 0.5125 0.04375 0.046875
0 0.596875 0.5140625 0.0265625 0.015625
0 0.7578125 0.3640625 0.0421875 0.040625
0 0.728125 0.3296875 0.0453125 0.04375
0 0.2234375 0.60625 0.0640625 0.0640625
0 0.996875 0.2203125 0.003125 0.025
0 0.9625 0.6140625 0.00625 0.0234375
0 0.9421875 0.6109375 0.040625 0.040625
0 0.98125 0.6125 0.03125 0.0234375
0 0.3171875 0.0609375 0.1296875 0.121875
0 0.5109375 0.009375 0.065625 0.0203125
0 0.9109375 0.46875 0.009375 0.009375
0 0.91875 0.4796875 0.021875 0.0140625
0 0.6703125 0.478125 0.0140625 0.015625
0 0.696875 0.5375 0.01875 0.01875
0 0.7546875 0.55625 0.015625 0.015625
0 0.7640625 0.5359375 0.025 0.0203125