0 0.1609375 0.5625 0.0203125 0.034375
0 0.125 0.5546875 0.0015625 0.0015625
0 0.7515625 0.684375 0.0546875 0.05625
0 0.7984375 0.69375 0.053125 0.05625
0 0.753125 0.715625 0.0453125 0.0203125
0 0.715625 0.7 0.0296875 0.0171875
0 0.696875 0.6796875 0.05625 0.059375
0 0.4890625 0.396875 0.0796875 0.0796875
0 0.48125 0.471875 0.0734375 0.06875
0 0.1109375 0.2609375 0.053125 0.0484375
0 0.359375 0.3890625 0.0515625 0.0515625
0 0.11875 0.3171875 0.05 0.046875
0 0.7515625 0.646875 0.0171875 0.015625
0 0.728125 0.6375 0.0390625 0.0296875