0 0.2 0.7640625 0.015625 0.03125
0 0.15625 0.7703125 0.0125 0.003125
0 0.0375 0.7640625 0.0765625 0.059375
0 0.00625 0.80625 0.0125 0.025
0 0.2546875 0.6921875 0.0515625 0.025
0 0.4015625 0.8765625 0.003125 0.0046875
0 0.4109375 0.878125 0.0015625 0.0015625
0 0.4015625 0.8796875 0.0046875 0.0015625
0 0.4078125 0.8734375 0.00625 0.0078125
0 0.415625 0.8734375 0.0078125 0.0078125
0 0.3203125 0.8734375 0.0078125 0.009375
0 0.30625 0.6890625 0.04375 0.0171875
0 0.30625 0.6734375 0.0546875 0.0328125
0 0.434375 0.575 0.071875 0.0703125
0 0.46875 0.55625 0.065625 0.05
0 0.4734375 0.5109375 0.0734375 0.071875
0 0.2359375 0.5671875 0.0046875 0.0015625
0 0.4234375 0.8421875 0.0546875 0.0546875
0 0.4234375 0.909375 0.0015625 0.0046875
0 0.4359375 0.890625 0.0078125 0.0078125
0 0.4828125 0.85625 0.0078125 0.0078125
0 0.3578125 0.8 0.0015625 0.0015625
0 0.3375 0.8765625 0.0015625 0.0015625
0 0.3375 0.8015625 0.003125 0.003125
0 0.3484375 0.8328125 0.00625 0.00625