0 0.6859375 0.8046875 0.00625 0.0234375
0 0.8546875 0.58125 0.015625 0.0140625
0 0.8765625 0.603125 0.040625 0.0390625
0 0.8453125 0.625 0.0375 0.0359375
0 0.4875 0.2234375 0.0828125 0.084375
0 0.575 0.203125 0.0859375 0.0875
0 0.51875 0.5609375 0.028125 0.0265625
0 0.6671875 0.8015625 0.0375 0.0578125
0 0.00625 0.703125 0.0125 0.03125
0 0.0171875 0.6875 0.0359375 0.03125
0 0.5625 0.85 0.084375 0.109375
0 0.50625 0.821875 0.1046875 0.1125
0 0.6125 0.815625 0.1125 0.1171875
0 0.4953125 0.534375 0.0640625 0.065625
0 0.5203125 0.4796875 0.075 0.0734375
0 0.928125 0.8640625 0.021875 0.0125
0 0.9875 0.5 0.021875 0.0390625
0 0.553125 0.4390625 0.0390625 0.0390625
0 0.5890625 0.4140625 0.0203125 0.040625
0 0.4671875 0.8828125 0.00625 0.0078125
0 0.4453125 0.859375 0.04375 0.0515625
0 0.4765625 0.890625 0.0109375 0.015625
0 0.1453125 0.55625 0.0296875 0.025
0 0.1375 0.5734375 0.0265625 0.0234375
0 0.0015625 0.675 0.003125 0.00625
0 0.0171875 0.653125 0.034375 0.0375
0 0.2109375 0.640625 0.0015625 0.0078125