0 0.953125 0.2125 0.0890625 0.11875
0 0.9734375 0.3078125 0.0484375 0.08125
0 0.053125 0.303125 0.090625 0.0859375
0 0.865625 0.490625 0.0328125 0.025
0 0.834375 0.5046875 0.0390625 0.0375
0 0.84375 0.471875 0.0375 0.0359375
0 0.875 0.4453125 0.028125 0.0296875
0 0.0359375 0.153125 0.0421875 0.046875
0 0.5 0.478125 0.0515625 0.0671875
0 0.4046875 0.4734375 0.0328125 0.06875
0 0.428125 0.475 0.0703125 0.0734375
0 0.6921875 0.3640625 0.0328125 0.0296875
0 0.7375 0.4484375 0.00625 0.0046875
0 0.725 0.4453125 0.0296875 0.01875
0 0.70625 0.409375 0.0375 0.021875