0 0.634375 0.6421875 0.05625 0.0546875
0 0.1640625 0.840625 0.0328125 0.0171875
0 0.1359375 0.8546875 0.0296875 0.0234375
0 0.1015625 0.871875 0.040625 0.0421875
0 0.128125 0.84375 0.0421875 0.040625
0 0.165625 0.8203125 0.0375 0.0390625
0 0.503125 0.4671875 0.0703125 0.06875
0 0.4796875 0.415625 0.0796875 0.0765625
0 0.3421875 0.646875 0.03125 0.03125
0 0.3359375 0.6703125 0.009375 0.0140625
0 0.040625 0.8265625 0.040625 0.034375
0 0.05 0.809375 0.05 0.046875
0 0.465625 0.7296875 0.0296875 0.028125