0 0.715625 0.8546875 0.0078125 0.009375
0 0.7 0.8015625 0.0078125 0.00625
0 0.6875 0.8078125 0.003125 0.003125
0 0.49375 0.865625 0.00625 0.0078125
0 0.49375 0.8734375 0.0046875 0.0078125
0 0.603125 0.85 0.009375 0.009375
0 0.4796875 0.4734375 0.0703125 0.0671875
0 0.3953125 0.5078125 0.0671875 0.075
0 0.0796875 0.1765625 0.096875 0.034375
0 0.6578125 0.8140625 0.0046875 0.0046875
0 0.65 0.8171875 0.0046875 0.00625
0 0.6421875 0.821875 0.0046875 0.00625
0 0.646875 0.815625 0.00625 0.00625
0 0.6546875 0.8109375 0.00625 0.0078125
0 0.45625 0.8765625 0.00625 0.0109375
0 0.7359375 0.896875 0.0046875 0.0078125
0 0.7453125 0.8765625 0.0046875 0.00625
0 0.7109375 0.7796875 0.0046875 0.00625
0 0.803125 0.834375 0.009375 0.009375
0 0.621875 0.85625 0.003125 0.003125
0 0.6296875 0.8609375 0.0046875 0.0046875
0 0.4625 0.85625 0.009375 0.00625