0 0.4453125 0.640625 0.03125 0.01875
0 0.4265625 0.6484375 0.0109375 0.0265625
0 0.978125 0.621875 0.0234375 0.03125
0 0.9765625 0.6421875 0.0171875 0.01875
0 0.6546875 0.596875 0.03125 0.034375
0 0.4828125 0.471875 0.0734375 0.071875
0 0.50625 0.5 0.065625 0.053125
0 0.2765625 0.653125 0.0546875 0.0578125
0 0.890625 0.6046875 0.065625 0.05625
0 0.3234375 0.634375 0.059375 0.0546875
0 0.6375 0.5875 0.0140625 0.0234375
0 0.553125 0.2078125 0.0625 0.0640625
0 0.3609375 0.3484375 0.009375 0.0015625
0 0.065625 0.5203125 0.015625 0.0375
0 0.3734375 0.38125 0.0171875 0.0453125