0 0.56875 0.2625 0.0390625 0.0421875
0 0.5296875 0.2671875 0.0359375 0.040625
0 0.4546875 0.6265625 0.0109375 0.025
0 0.4125 0.6375 0.01875 0.028125
0 0.3484375 0.475 0.0515625 0.0578125
0 0.3625 0.36875 0.0296875 0.0296875
0 0.5421875 0.565625 0.0125 0.009375
0 0.584375 0.53125 0.00625 0.0046875
0 0.5328125 0.5390625 0.0265625 0.03125
0 0.53125 0.321875 0.046875 0.046875
0 0.5171875 0.334375 0.021875 0.021875
0 0.6203125 0.675 0.0046875 0.0109375
0 0.44375 0.4546875 0.0796875 0.0703125
0 0.4953125 0.471875 0.04375 0.075
0 0.390625 0.4984375 0.05 0.059375
0 0.3625 0.5984375 0.021875 0.01875