0 0.1234375 0.8015625 0.0546875 0.0453125
0 0.153125 0.8125 0.0109375 0.0359375
0 0.0375 0.85625 0.0296875 0.0515625
0 0.184375 0.8015625 0.06875 0.0703125
0 0.2109375 0.8125 0.0296875 0.05
0 0.5078125 0.425 0.034375 0.0734375
0 0.5328125 0.4234375 0.078125 0.0765625
0 0.484375 0.4671875 0.075 0.071875
0 0.0046875 0.3765625 0.0109375 0.046875
0 0.79375 0.984375 0.0703125 0.0265625
0 0.634375 0.878125 0.0609375 0.065625
0 0.7640625 0.2734375 0.0703125 0.06875
0 0.6109375 0.6765625 0.028125 0.040625