0 0.04375 0.053125 0.0875 0.1078125
0 0.0015625 0.1359375 0.0046875 0.0421875
0 0.2875 0.3171875 0.0625 0.0625
0 0.4078125 0.834375 0.00625 0.0078125
0 0.409375 0.8390625 0.00625 0.0015625
0 0.421875 0.8359375 0.0046875 0.0015625
0 0.4109375 0.7875 0.00625 0.00625
0 0.3984375 0.7921875 0.0015625 0.0015625
0 0.26875 0.765625 0.0015625 0.0046875
0 0.409375 0.7734375 0.0046875 0.00625
0 0.259375 0.775 0.00625 0.0046875
0 0.3453125 0.284375 0.0671875 0.05625
0 0.29375 0.5828125 0.0640625 0.046875
0 0.515625 0.0875 0.0890625 0.0953125
0 0.5640625 0.0921875 0.05625 0.08125
0 0.565625 0.025 0.0890625 0.0515625
0 0.2609375 0.2765625 0.0125 0.0109375
0 0.4890625 0.465625 0.071875 0.071875
0 0.3828125 0.803125 0.0046875 0.003125
0 0.378125 0.8046875 0.003125 0.0046875
0 0.36875 0.8078125 0.0046875 0.0046875
0 0.3734375 0.803125 0.00625 0.00625
0 0.3796875 0.7984375 0.003125 0.0046875
0 0.2671875 0.83125 0.00625 0.0046875
0 0.259375 0.8296875 0.0046875 0.0046875
0 0.446875 0.846875 0.0046875 0.0046875
0 0.41875 0.7671875 0.00625 0.0078125
0 0.3609375 0.75625 0.0046875 0.0046875
0 0.2234375 0.79375 0.0078125 0.0078125
0 0.4171875 0.7609375 0.0015625 0.003125
0 0.421875 0.7640625 0.0015625 0.0046875
0 0.340625 0.765625 0.00625 0.00625