0 0.55 0.634375 0.0171875 0.015625
0 0.56875 0.6109375 0.05 0.0515625
0 0.53125 0.596875 0.05 0.0578125
0 0.5 0.453125 0.0609375 0.0421875
0 0.56875 0.446875 0.0703125 0.075
0 0.521875 0.4203125 0.0765625 0.078125
0 0.5921875 0.7328125 0.06875 0.0734375
0 0.3125 0.8109375 0.0015625 0.00625
0 0.51875 0.8046875 0.003125 0.0015625
0 0.5125 0.790625 0.0140625 0.0265625
0 0.44375 0.178125 0.115625 0.1171875
0 0.5375 0.134375 0.1109375 0.11875
0 0.4578125 0.05625 0.115625 0.1125
0 0.575 0.390625 0.053125 0.0484375
0 0.7140625 0.6828125 0.034375 0.0375
0 0.6640625 0.6984375 0.0203125 0.021875
0 0.6421875 0.621875 0.0984375 0.1