0 0.3765625 0.7765625 0.0046875 0.0078125
0 0.3203125 0.8140625 0.0171875 0.0203125
0 0.3984375 0.7703125 0.028125 0.01875
0 0.590625 0.5765625 0.025 0.0234375
0 0.6125 0.590625 0.0375 0.0375
0 0.584375 0.6078125 0.0328125 0.0359375
0 0.6203125 0.1375 0.0859375 0.090625
0 0.7015625 0.14375 0.0875 0.090625
0 0.2484375 0.5125 0.0328125 0.034375
0 0.5375 0.765625 0.0578125 0.0640625
0 0.728125 0.803125 0.1125 0.0703125
0 0.7328125 0.753125 0.1140625 0.115625
0 0.8328125 0.7453125 0.1109375 0.1140625
0 0.484375 0.46875 0.071875 0.071875
0 0.5453125 0.4140625 0.075 0.0765625
0 0.6859375 0.8859375 0.0234375 0.0125
0 0.5921875 0.8203125 0.0328125 0.034375
0 0.696875 0.5125 0.0328125 0.0328125
0 0.35625 0.3890625 0.0421875 0.0453125
0 0.4125 0.3671875 0.04375 0.046875
0 0.23125 0.84375 0.0234375 0.05625
0 0.25625 0.8390625 0.05625 0.0609375
0 0.2984375 0.8546875 0.0484375 0.0578125