0 0.371875 0.5984375 0.01875 0.0125
0 0.3609375 0.5953125 0.0015625 0.003125
0 0.028125 0.3140625 0.05625 0.1671875
0 0.421875 0.475 0.0703125 0.065625
0 0.6375 0.8609375 0.00625 0.009375
0 0.6484375 0.8640625 0.0015625 0.0015625
0 0.6390625 0.865625 0.00625 0.0015625
0 0.64375 0.859375 0.0078125 0.0078125
0 0.653125 0.859375 0.00625 0.0078125
0 0.6375 0.8140625 0.00625 0.0078125
0 0.49375 0.79375 0.003125 0.003125
0 0.496875 0.7921875 0.00625 0.00625
0 0.634375 0.796875 0.0046875 0.00625
0 0.484375 0.8015625 0.0078125 0.0078125
0 0.4671875 0.4859375 0.0234375 0.0328125
0 0.4828125 0.434375 0.0796875 0.075
0 0.0546875 0.85625 0.0890625 0.0765625
0 0.6578125 0.209375 0.1171875 0.11875
0 0.7296875 0.1953125 0.065625 0.1015625
0 0.7171875 0.090625 0.1203125 0.1265625
0 0.3625 0.4109375 0.003125 0.00625
0 0.6609375 0.659375 0.0921875 0.0875
0 0.6109375 0.8234375 0.0015625 0.00625
0 0.6046875 0.8265625 0.003125 0.00625
0 0.596875 0.8265625 0.0015625 0.0015625
0 0.6 0.825 0.00625 0.00625
0 0.60625 0.8203125 0.0046875 0.00625
0 0.515625 0.8140625 0.0078125 0.00625
0 0.6640625 0.896875 0.003125 0.0046875
0 0.6765625 0.878125 0.009375 0.009375
0 0.6421875 0.79375 0.0078125 0.0078125
0 0.7234375 0.8421875 0.0078125 0.0078125
0 0.5953125 0.78125 0.00625 0.00625
0 0.584375 0.7796875 0.0078125 0.0078125
0 0.4515625 0.8203125 0.00625 0.0078125
0 0.6421875 0.78125 0.0046875 0.0046875
0 0.646875 0.7859375 0.00625 0.00625
0 0.565625 0.7875 0.00625 0.00625
0 0.5734375 0.80625 0.00625 0.0046875
0 0.58125 0.821875 0.00625 0.003125
0 0.5796875 0.8171875 0.00625 0.0078125
0 0.675 0.7984375 0.0015625 0.0015625