0 0.9125 0.5953125 0.078125 0.05
0 0.84375 0.5484375 0.0859375 0.0828125
0 0.9359375 0.5546875 0.090625 0.0875
0 0.834375 0.5921875 0.075 0.0421875
0 0.7671875 0.5546875 0.075 0.0796875
0 0.2046875 0.60625 0.01875 0.0171875
0 0.490625 0.478125 0.071875 0.053125
0 0.8765625 0.603125 0.003125 0.0046875
0 0.4890625 0.428125 0.0796875 0.08125
0 0.4171875 0.4390625 0.0734375 0.078125
0 0.6125 0.728125 0.084375 0.0890625
0 0.66875 0.8109375 0.0640625 0.05625
0 0.4640625 0.8 0.015625 0.0078125
0 0.4453125 0.8296875 0.0171875 0.0375
0 0.5078125 0.8046875 0.0140625 0.009375
0 0.134375 0.396875 0.0765625 0.065625
0 0.1328125 0.33125 0.0796875 0.075
0 0.0828125 0.3328125 0.05625 0.06875
0 0.375 0.4546875 0.01875 0.0234375
0 0.771875 0.26875 0.078125 0.078125
0 0.2578125 0.6359375 0.090625 0.090625
0 0.984375 0.3296875 0.0078125 0.0046875