0 0.5140625 0.45625 0.01875 0.01875
0 0.5546875 0.4140625 0.06875 0.0703125
0 0.603125 0.45 0.0375 0.071875
0 0.4671875 0.453125 0.0734375 0.03125
0 0.4859375 0.371875 0.0796875 0.0421875
0 0.3890625 0.109375 0.1109375 0.1203125
0 0.4859375 0.0703125 0.0484375 0.115625
0 0.3796875 0.0296875 0.053125 0.059375
0 0.5546875 0.534375 0.109375 0.1140625
0 0.14375 0.696875 0.0671875 0.04375
0 0.7703125 0.5921875 0.04375 0.04375
0 0.71875 0.621875 0.0375 0.0359375
0 0.5765625 0.1671875 0.19375 0.2140625
0 0.3484375 0.2546875 0.0046875 0.0078125