0 0.9296875 0.546875 0.1046875 0.1046875
0 0.7796875 0.528125 0.084375 0.103125
0 0.8578125 0.51875 0.1171875 0.1125
0 0.8609375 0.584375 0.0734375 0.03125
0 0.7625 0.5453125 0.075 0.0890625
0 0.565625 0.6359375 0.0046875 0.015625
0 0.5609375 0.5015625 0.0671875 0.071875
0 0.509375 0.475 0.071875 0.075
0 0.4953125 0.4984375 0.0625 0.05625
0 0.571875 0.753125 0.0859375 0.0875
0 0.9265625 0.85 0.0484375 0.0765625
0 0.384375 0.49375 0.0375 0.0515625
0 0.34375 0.45 0.0390625 0.040625
0 0.70625 0.2171875 0.0890625 0.0921875
0 0.3578125 0.6828125 0.0671875 0.0703125