0 0.0171875 0.303125 0.0359375 0.1015625
0 0.6015625 0.2796875 0.0359375 0.0390625
0 0.5640625 0.284375 0.034375 0.0375
0 0.4828125 0.6265625 0.028125 0.03125
0 0.4453125 0.640625 0.009375 0.021875
0 0.4171875 0.4828125 0.0390625 0.0515625
0 0.4 0.378125 0.0296875 0.028125
0 0.58125 0.5515625 0.0109375 0.040625
0 0.609375 0.5265625 0.00625 0.003125
0 0.5796875 0.5296875 0.0015625 0.0015625
0 0.571875 0.3375 0.04375 0.0453125
0 0.5578125 0.3375 0.0234375 0.04375
0 0.515625 0.4734375 0.065625 0.071875
0 0.5625 0.484375 0.0375 0.065625
0 0.46875 0.5015625 0.0515625 0.0671875
0 0.434375 0.4640625 0.0125 0.0125