0 0.3546875 0.634375 0.0453125 0.0453125
0 0.3796875 0.6296875 0.021875 0.0421875
0 0.3265625 0.6359375 0.0203125 0.0390625
0 0.3953125 0.6265625 0.03125 0.04375
0 0.88125 0.621875 0.015625 0.0328125
0 0.8984375 0.609375 0.0421875 0.04375
0 0.8671875 0.6375 0.0296875 0.0171875
0 0.4984375 0.4296875 0.08125 0.0796875
0 0.50625 0.471875 0.071875 0.053125
0 0.2015625 0.6265625 0.065625 0.065625
0 0.840625 0.59375 0.0640625 0.059375
0 0.259375 0.6078125 0.0671875 0.0640625
0 0.9828125 0.8296875 0.03125 0.071875
0 0.5765625 0.15625 0.0703125 0.06875
0 0.3078125 0.2828125 0.003125 0.0015625
0 0.334375 0.334375 0.0078125 0.0515625