0 0.5703125 0.821875 0.0015625 0.003125
0 0.5734375 0.8203125 0.0015625 0.0015625
0 0.4046875 0.75 0.00625 0.003125
0 0.409375 0.7453125 0.00625 0.009375
0 0.4046875 0.75625 0.009375 0.009375
0 0.459375 0.515625 0.0109375 0.009375
0 0.390625 0.5328125 0.0078125 0.0203125
0 0.3421875 0.5078125 0.05 0.06875
0 0.396875 0.484375 0.059375 0.075
0 0.4859375 0.475 0.0484375 0.0734375
0 0.975 0.290625 0.0359375 0.0546875
0 0.0203125 0.3046875 0.0421875 0.0546875
0 0.4046875 0.815625 0.0046875 0.0015625
0 0.3984375 0.8140625 0.00625 0.0046875
0 0.428125 0.771875 0.00625 0.0078125
0 0.325 0.846875 0.009375 0.0109375
0 0.6609375 0.8015625 0.00625 0.0015625
0 0.5140625 0.7359375 0.0078125 0.0078125
0 0.5078125 0.7375 0.0015625 0.003125
0 0.3421875 0.821875 0.009375 0.0078125
0 0.3671875 0.775 0.009375 0.0109375