0 0.2671875 0.6625 0.0203125 0.025
0 0.24375 0.6578125 0.0234375 0.0265625
0 0.190625 0.865625 0.0234375 0.021875
0 0.1703125 0.875 0.0140625 0.0203125
0 0.0984375 0.86875 0.03125 0.0203125
0 0.140625 0.690625 0.01875 0.0234375
0 0.6625 0.8140625 0.0609375 0.0625
0 0.6671875 0.84375 0.0578125 0.0375
0 0.665625 0.8671875 0.0546875 0.04375
0 0.61875 0.83125 0.0453125 0.034375
0 0.6171875 0.790625 0.0421875 0.0578125
0 0.2390625 0.8546875 0.0265625 0.025
0 0.2625 0.8453125 0.0234375 0.025
0 0.2390625 0.8390625 0.025 0.0203125
0 0.221875 0.740625 0.028125 0.0296875
0 0.228125 0.725 0.028125 0.021875
0 0.321875 0.890625 0.0234375 0.0171875
0 0.0578125 0.578125 0.0375 0.0359375
0 0.0703125 0.59375 0.025 0.0109375
0 0.1171875 0.94375 0.0390625 0.0390625
0 0.1421875 0.934375 0.0203125 0.0296875
0 0.09375 0.9328125 0.0015625 0.0015625
0 0.1359375 0.821875 0.0109375 0.0109375
0 0.165625 0.7375 0.021875 0.021875
0 0.4578125 0.453125 0.0578125 0.0671875
0 0.4921875 0.4703125 0.06875 0.075
0 0.7765625 0.584375 0.04375 0.0359375
0 0.775 0.703125 0.046875 0.046875
0 0.5671875 0.7765625 0.04375 0.04375
0 0.525 0.7609375 0.0359375 0.04375
0 0.228125 0.5609375 0.096875 0.1