0 0.275 0.51875 0.025 0.025
0 0.23125 0.5125 0.0046875 0.0046875
0 0.2078125 0.7890625 0.028125 0.025
0 0.184375 0.7984375 0.025 0.0265625
0 0.0203125 0.75 0.0421875 0.0359375
0 0.1328125 0.5796875 0.0171875 0.01875
0 0.7234375 0.3859375 0.1375 0.1359375
0 0.7359375 0.4875 0.1078125 0.0875
0 0.75 0.5640625 0.1171875 0.096875
0 0.653125 0.4796875 0.103125 0.109375
0 0.6328125 0.40625 0.0640625 0.0828125
0 0.240625 0.7546875 0.034375 0.0296875
0 0.26875 0.746875 0.0328125 0.01875
0 0.2421875 0.7375 0.0265625 0.015625
0 0.196875 0.603125 0.0359375 0.0375
0 0.2140625 0.5890625 0.03125 0.03125
0 0.3703125 0.8328125 0.021875 0.0109375
0 0.00625 0.8234375 0.0140625 0.046875
0 0.034375 0.815625 0.053125 0.0546875
0 0.184375 0.6390625 0.025 0.01875
0 0.9765625 0.1875 0.0421875 0.034375
0 0.959375 0.328125 0.078125 0.0921875
0 0.5828125 0.503125 0.06875 0.06875
0 0.525 0.4984375 0.0546875 0.053125