0 0.5109375 0.475 0.071875 0.05625
0 0.5015625 0.4140625 0.0796875 0.0796875
0 0.56875 0.440625 0.078125 0.08125
0 0.4421875 0.45 0.0734375 0.05
0 0.41875 0.403125 0.0859375 0.0859375
0 0.1625 0.171875 0.1078125 0.1109375
0 0.4921875 0.5859375 0.0375 0.053125
0 0.2375 0.1140625 0.1125 0.1203125
0 0.10625 0.075 0.1296875 0.1265625
0 0.3484375 0.540625 0.109375 0.1125
0 0.1359375 0.696875 0.0734375 0.0828125
0 0.8109375 0.75 0.01875 0.009375
0 0.8125 0.753125 0.01875 0.015625
0 0.7640625 0.753125 0.0171875 0.0078125
0 0.484375 0.11875 0.078125 0.084375
0 0.984375 0.559375 0.0265625 0.0515625
0 0.9390625 0.596875 0.0484375 0.05
0 0.0171875 0.2453125 0.034375 0.14375
0 0.453125 0.259375 0.028125 0.053125
0 0.6890625 0.4625 0.0390625 0.0109375
0 0.43125 0.3046875 0.0046875 0.0046875