0 0.2140625 0.9953125 0.0046875 0.00625
0 0.2 0.9890625 0.01875 0.01875
0 0.4171875 0.609375 0.028125 0.0328125
0 0.3890625 0.6078125 0.0109375 0.0234375
0 0.5109375 0.471875 0.0703125 0.0734375
0 0.3203125 0.875 0.0421875 0.034375
0 0.3859375 0.85625 0.034375 0.0375
0 0.403125 0.8421875 0.03125 0.0328125
0 0.36875 0.840625 0.0328125 0.034375
0 0.4265625 0.70625 0.0375 0.0390625
0 0.4109375 0.6890625 0.0375 0.034375
0 0.3796875 0.90625 0.0171875 0.0234375
0 0.4125 0.4546875 0.0484375 0.0515625
0 0.3703125 0.4671875 0.046875 0.05
0 0.5140625 0.9765625 0.053125 0.04375
0 0.5109375 0.953125 0.046875 0.034375
0 0.4640625 0.9796875 0.0453125 0.0359375
0 0.1203125 0.815625 0.0171875 0.0203125