0 0.8734375 0.4296875 0.0515625 0.0359375
0 0.9390625 0.415625 0.05 0.0390625
0 0.9265625 0.453125 0.05 0.034375
0 0.875 0.3984375 0.0546875 0.0515625
0 0.93125 0.3875 0.059375 0.053125
0 0.5984375 0.1296875 0.0484375 0.0546875
0 0.5671875 0.16875 0.0484375 0.0515625
0 0.603125 0.1859375 0.0390625 0.0515625
0 0.5125 0.3625 0.025 0.0203125
0 0.4875 0.3515625 0.028125 0.025
0 0.971875 0.1546875 0.046875 0.0359375
0 0.3046875 0.5875 0.028125 0.028125
0 0.278125 0.59375 0.028125 0.0296875
0 0.5796875 0.5015625 0.0328125 0.034375
0 0.309375 0.3609375 0.0265625 0.0265625
0 0.49375 0.5515625 0.01875 0.0296875
0 0.49375 0.5375 0.01875 0.00625
0 0.46875 0.540625 0.0078125 0.0203125
0 0.575 0.4109375 0.0265625 0.0203125
0 0.546875 0.4125 0.0265625 0.009375
0 0.38125 0.6421875 0.0234375 0.025
0 0.4875 0.4671875 0.071875 0.0734375
0 0.671875 0.35 0.075 0.075
0 0.75625 0.1734375 0.028125 0.0328125
0 0.79375 0.5375 0.0375 0.0375
0 0.7625 0.5390625 0.0203125 0.0359375
0 0.75625 0.54375 0.034375 0.0359375
0 0.1375 0.54375 0.028125 0.0265625
0 0.2375 0.4359375 0.0265625 0.025