0 0.571875 0.5203125 0.05 0.03125
0 0.5984375 0.4921875 0.0765625 0.0578125
0 0.6421875 0.528125 0.0734375 0.071875
0 0.503125 0.478125 0.04375 0.0640625
0 0.534375 0.459375 0.0671875 0.0765625
0 0.1984375 0.1953125 0.065625 0.0640625
0 0.2 0.2484375 0.0515625 0.05625
0 0.2390625 0.2515625 0.0609375 0.0578125
0 0.7890625 0.04375 0.0671875 0.0734375
0 0.371875 0.671875 0.0296875 0.0296875
0 0.34375 0.6828125 0.028125 0.0296875
0 0.509375 0.5828125 0.040625 0.0421875
0 0.3328125 0.44375 0.0296875 0.028125
0 0.525 0.6296875 0.025 0.0203125
0 0.5453125 0.6234375 0.003125 0.0265625
0 0.5015625 0.6203125 0.0140625 0.0203125
0 0.5046875 0.7171875 0.015625 0.0234375
0 0.0125 0.0640625 0.025 0.0625
0 0.725 0.61875 0.04375 0.0515625
0 0.7078125 0.6203125 0.025 0.05
0 0.678125 0.6328125 0.0515625 0.05
0 0.2421875 0.6375 0.025 0.0234375
0 0.309375 0.525 0.021875 0.021875