0 0.7640625 0.6484375 0.05625 0.0359375
0 0.7375 0.609375 0.065625 0.065625
0 0.8015625 0.61875 0.0671875 0.0671875
0 0.703125 0.6328125 0.053125 0.05
0 0.6703125 0.60625 0.065625 0.0671875
0 0.04375 0.6265625 0.0578125 0.025
0 0.0734375 0.61875 0.0015625 0.0015625
0 0.0921875 0.6453125 0.0578125 0.05625
0 0.453125 0.50625 0.0671875 0.065625
0 0.5921875 0.6421875 0.0125 0.0109375
0 0.8125 0.69375 0.046875 0.046875
0 0.7640625 0.6859375 0.0484375 0.040625
0 0.484375 0.4734375 0.0703125 0.075
0 0.4046875 0.4703125 0.0765625 0.0734375
0 0.5890625 0.753125 0.075 0.0765625
0 0.5078125 0.8234375 0.05 0.0609375
0 0.215625 0.834375 0.040625 0.0140625
0 0.28125 0.8375 0.0125 0.0109375
0 0.0953125 0.3734375 0.0828125 0.078125
0 0.128125 0.3109375 0.084375 0.0828125
0 0.05 0.296875 0.0875 0.08125
0 0.696875 0.371875 0.0640625 0.0625
0 0.3046875 0.659375 0.0890625 0.0921875
0 0.5484375 0.4859375 0.0078125 0.009375
0 0.7453125 0.409375 0.0296875 0.040625